Plate File,Setup Time,Position,Plate Type,Strain,Media,Specie,Replicate,Hour,A01,A02,A03,A04,A05,A06,A07,A08,A09,A10,A11,A12,B01,B02,B03,B04,B05,B06,B07,B08,B09,B10,B11,B12,C01,C02,C03,C04,C05,C06,C07,C08,C09,C10,C11,C12,D01,D02,D03,D04,D05,D06,D07,D08,D09,D10,D11,D12,E01,E02,E03,E04,E05,E06,E07,E08,E09,E10,E11,E12,F01,F02,F03,F04,F05,F06,F07,F08,F09,F10,F11,F12,G01,G02,G03,G04,G05,G06,G07,G08,G09,G10,G11,G12,H01,H02,H03,H04,H05,H06,H07,H08,H09,H10,H11,H12
F:\projects\DP_Clinical_strains\DP Clinical Isolates results-20220505T053100Z-001\ DP Clinical Isolates results\ELI 17 R1_E. coli_E. coli__3_37_SBR_709_4#26#2022_A_24A_34.OKA,4/26/2022 2:33:07 PM,24-A,PM03B,ELI 17,"44    IF0a+Sodium Succinate/Ferric Citrate
45    IF0a+Sodium Succinate/Ferric Citrate
46    IF0a+Sodium Succinate/Ferric Citrate
47    IF0a+Sodium Succinate/Ferric Citrate
Name: Condition (Medium), dtype: object",E. coli,R1,0.0,11.0,11.0,11.0,11.0,11.0,11.0,11.0,11.0,11.0,11.0,11.0,13.4004,14.0652,11.0,11.0,11.0,11.0,11.0,11.0,11.0,11.0,11.0,11.0,11.0,13.1453,11.0,11.0,11.0,11.0,11.0,11.0,11.0,11.0,11.0,11.0,32.3817,12.7179,11.0,11.0,11.0,11.0,11.0,11.0,11.0,11.0,11.0,11.0,15.2137,13.624,11.0,11.0,11.0,11.0,11.0,11.0,11.0,11.0,11.0,11.0,12.171,12.5281,14.3414,11.0,11.0,11.0,56.4358,58.7553,11.0,11.0,11.0,11.0,13.121,14.6904,11.0,11.0,11.0,11.0,11.0,11.0,11.0,11.0,23.9652,11.0,18.1081,18.0206,15.9648,11.498,11.8966,11.0,11.0,11.0,11.0,11.0,12.3808,20.3851,18.1869
F:\projects\DP_Clinical_strains\DP Clinical Isolates results-20220505T053100Z-001\ DP Clinical Isolates results\ELI 17 R1_E. coli_E. coli__3_37_SBR_709_4#26#2022_A_24A_34.OKA,4/26/2022 2:33:07 PM,24-A,PM03B,ELI 17,"44    IF0a+Sodium Succinate/Ferric Citrate
45    IF0a+Sodium Succinate/Ferric Citrate
46    IF0a+Sodium Succinate/Ferric Citrate
47    IF0a+Sodium Succinate/Ferric Citrate
Name: Condition (Medium), dtype: object",E. coli,R1,0.25,11.0,11.0,11.0,11.0,11.0,11.0,11.0,11.0,11.0,11.0,11.0,16.2048,15.1612,11.0,11.0,11.0,11.0,11.0,11.0,11.0,11.0,11.0,11.2167,12.1304,27.1495,11.0,11.0,11.0,11.0,11.0,11.0,11.0,11.0,11.0,11.0,20.7085,13.2053,11.0,11.0,11.0,11.0,11.0,11.0,11.0,11.0,11.0,11.0,19.2266,19.4462,11.0,11.0,11.0,11.0,11.0,11.0,11.0,11.0,11.0,11.0,18.4113,17.1196,12.1646,11.0,11.0,11.0,51.0267,62.1842,11.0,11.0,11.0,11.6849,17.4825,17.5206,12.4244,11.0,11.0,11.0,11.0,11.0,11.0,11.0,26.7835,12.2628,20.8277,21.8341,20.4517,15.4281,11.0,18.8091,15.32,15.3496,12.0648,13.4217,12.2188,22.8845,22.723
F:\projects\DP_Clinical_strains\DP Clinical Isolates results-20220505T053100Z-001\ DP Clinical Isolates results\ELI 17 R1_E. coli_E. coli__3_37_SBR_709_4#26#2022_A_24A_34.OKA,4/26/2022 2:33:07 PM,24-A,PM03B,ELI 17,"44    IF0a+Sodium Succinate/Ferric Citrate
45    IF0a+Sodium Succinate/Ferric Citrate
46    IF0a+Sodium Succinate/Ferric Citrate
47    IF0a+Sodium Succinate/Ferric Citrate
Name: Condition (Medium), dtype: object",E. coli,R1,0.5,11.474,11.0,11.0,11.0,11.0,11.0,11.0,11.0,11.0,11.0,11.0,17.6043,17.213,11.0,11.0,11.0,11.0,11.0,11.0,11.0,11.0,11.0,11.0,12.9873,25.2093,11.0,11.0,11.0,11.0,11.0,11.0,11.0,11.0,11.0,11.9916,22.2196,13.9477,11.0,11.0,11.0,11.0,11.0,11.0,11.0,11.0,11.0,11.0,18.1552,20.6002,11.0,11.0,11.0,11.0,11.0,11.0,11.0,11.0,11.0,12.2805,19.6728,19.6534,16.3074,11.343,11.0,11.0,54.467,65.1401,11.0,11.0,11.0,15.7322,23.1033,18.0974,13.4574,11.0,11.0,15.128,11.0,11.0,11.0,11.0,29.8591,11.2605,20.8748,21.0052,18.496,15.7786,13.6899,17.9349,15.0691,13.6227,11.8686,13.7845,16.142,21.1982,21.2861
F:\projects\DP_Clinical_strains\DP Clinical Isolates results-20220505T053100Z-001\ DP Clinical Isolates results\ELI 17 R1_E. coli_E. coli__3_37_SBR_709_4#26#2022_A_24A_34.OKA,4/26/2022 2:33:07 PM,24-A,PM03B,ELI 17,"44    IF0a+Sodium Succinate/Ferric Citrate
45    IF0a+Sodium Succinate/Ferric Citrate
46    IF0a+Sodium Succinate/Ferric Citrate
47    IF0a+Sodium Succinate/Ferric Citrate
Name: Condition (Medium), dtype: object",E. coli,R1,0.75,11.0,11.0,11.0,11.0,11.0,11.0,11.0,11.0,11.0,11.0,11.2531,19.0518,14.4787,11.0,11.0,11.0,11.0,11.0,11.0,11.0,11.0,11.1579,14.1303,17.6958,23.4472,11.0,11.0,11.0,11.0,11.0,11.0,11.0,11.0,11.0,11.0,14.323,14.4113,11.0,11.0,11.0,11.0,11.0,11.0,11.0,11.0,11.0,11.0,23.4746,17.3084,11.0,11.0,11.0,11.0,11.0,11.0,11.0,11.0,11.0,13.4695,17.4737,21.2007,11.0,12.6318,11.0,11.0,55.8696,65.5571,11.0,11.567,11.0,16.4744,23.1174,16.9752,13.9557,11.0,11.0,11.0,11.0,11.0,11.0,11.0,29.2673,11.0,23.3608,25.8341,17.7251,16.4214,11.0,18.8141,13.8109,14.6506,15.5237,18.3006,16.2038,17.3668,26.9464
F:\projects\DP_Clinical_strains\DP Clinical Isolates results-20220505T053100Z-001\ DP Clinical Isolates results\ELI 17 R1_E. coli_E. coli__3_37_SBR_709_4#26#2022_A_24A_34.OKA,4/26/2022 2:33:07 PM,24-A,PM03B,ELI 17,"44    IF0a+Sodium Succinate/Ferric Citrate
45    IF0a+Sodium Succinate/Ferric Citrate
46    IF0a+Sodium Succinate/Ferric Citrate
47    IF0a+Sodium Succinate/Ferric Citrate
Name: Condition (Medium), dtype: object",E. coli,R1,1.0,11.0963,12.5637,11.0,11.0,11.0,11.0,11.0,11.0,11.0,11.0,11.6596,23.1525,20.1948,11.0,11.0,11.0,11.0,11.0,11.0,11.0,11.0,11.1896,11.1253,15.2324,28.6979,11.0,11.0,11.0,11.0,11.0,11.0,11.0,11.0,11.0,11.9759,16.7887,11.0,11.0,11.0,11.0,11.0,11.0,11.0,11.0,11.0,11.0,13.2285,19.2732,18.3676,11.0,11.0,11.0,11.0,11.0,11.0,11.0,11.0,11.0,16.331,17.5443,22.9438,12.4747,12.8349,11.0,11.0,51.7199,64.4221,11.0,11.0,11.0,14.3603,21.9097,19.0052,13.3659,11.0,11.0,14.7887,11.0,11.0,11.0,11.032,33.0619,16.8872,24.5803,26.351,20.1497,18.575,14.939,18.5277,15.3434,17.807,15.4237,22.2484,17.3974,20.534,32.8847
F:\projects\DP_Clinical_strains\DP Clinical Isolates results-20220505T053100Z-001\ DP Clinical Isolates results\ELI 17 R1_E. coli_E. coli__3_37_SBR_709_4#26#2022_A_24A_34.OKA,4/26/2022 2:33:07 PM,24-A,PM03B,ELI 17,"44    IF0a+Sodium Succinate/Ferric Citrate
45    IF0a+Sodium Succinate/Ferric Citrate
46    IF0a+Sodium Succinate/Ferric Citrate
47    IF0a+Sodium Succinate/Ferric Citrate
Name: Condition (Medium), dtype: object",E. coli,R1,1.25,13.37,18.3199,11.0,11.0,11.0,11.0,11.0,11.0,11.0,11.0,12.0058,22.7102,18.2114,11.0,11.0,11.0,11.0,11.0,11.0,11.0,11.0,11.0,14.6757,16.4016,29.4344,11.0,11.0,11.0,11.0,11.0,11.0,11.0,11.0,11.0,11.0,17.6746,18.6506,11.0,11.0,11.0,11.0,11.0,11.0,11.0,11.0,11.0,11.3524,21.2302,18.5071,11.0,11.0,11.0,11.0,11.0,11.0,11.0,11.0,11.0,13.7001,20.4907,18.672,13.0804,11.6953,11.0,11.0,52.8345,65.8366,11.0,12.2058,11.0,14.4852,19.75,15.0804,11.0,11.0,11.0,16.5068,11.0,11.0,11.0,11.0,32.4951,14.1046,23.7035,43.1883,25.6381,20.6006,15.4417,17.114,15.2946,16.7768,14.1426,15.7794,16.1793,25.492,42.4505
F:\projects\DP_Clinical_strains\DP Clinical Isolates results-20220505T053100Z-001\ DP Clinical Isolates results\ELI 17 R1_E. coli_E. coli__3_37_SBR_709_4#26#2022_A_24A_34.OKA,4/26/2022 2:33:07 PM,24-A,PM03B,ELI 17,"44    IF0a+Sodium Succinate/Ferric Citrate
45    IF0a+Sodium Succinate/Ferric Citrate
46    IF0a+Sodium Succinate/Ferric Citrate
47    IF0a+Sodium Succinate/Ferric Citrate
Name: Condition (Medium), dtype: object",E. coli,R1,1.5,11.1934,21.4104,11.0,11.0,11.0,11.0,11.0,11.0,11.0,11.0,11.7233,19.6042,16.2426,11.0,11.0,11.0,11.0,11.0,11.0,11.0,11.0,16.5508,12.6305,12.8222,26.2619,11.0,11.0,11.0,11.0,11.0,11.0,11.0,11.0,11.0,12.4457,19.9317,13.6726,11.0,11.0,11.0,11.0,11.0,11.0,11.0,11.0,11.0,11.0,23.3407,18.3883,11.0,11.0,11.0,11.0,11.0,11.0,11.0,11.0,11.0,14.1371,17.0335,16.9895,11.0,14.6103,11.0,11.0,49.3806,63.321,11.0,11.8536,11.0,11.5064,19.2478,15.3189,11.0,11.0,11.0,13.3425,11.0,11.0,11.0,11.9658,34.2716,12.3316,21.3113,46.0064,35.4963,32.8068,20.8993,17.8641,14.517,21.8282,25.9134,30.9873,26.9383,22.2904,42.4098
F:\projects\DP_Clinical_strains\DP Clinical Isolates results-20220505T053100Z-001\ DP Clinical Isolates results\ELI 17 R1_E. coli_E. coli__3_37_SBR_709_4#26#2022_A_24A_34.OKA,4/26/2022 2:33:07 PM,24-A,PM03B,ELI 17,"44    IF0a+Sodium Succinate/Ferric Citrate
45    IF0a+Sodium Succinate/Ferric Citrate
46    IF0a+Sodium Succinate/Ferric Citrate
47    IF0a+Sodium Succinate/Ferric Citrate
Name: Condition (Medium), dtype: object",E. coli,R1,1.75,11.0,29.8782,11.0,11.0,11.0,11.0,11.0,11.0,11.0,11.0,13.5517,18.07,23.8295,11.0,11.0,11.0,11.0,11.0,11.0,11.0,11.0,22.893,15.6648,14.5589,19.7452,11.0,11.0,11.0,11.0,11.0,11.0,13.1871,11.0,11.0,11.5353,20.8187,16.5007,11.0,11.0,11.0,11.0,11.0,11.0,11.0,11.0,11.0,11.0,23.187,20.3831,11.0,11.1559,11.0,11.0,13.811,11.0,11.0,11.0,11.0,19.8344,24.3422,22.0734,11.1599,23.0826,11.0,11.0,54.4663,63.6777,13.0606,14.3685,11.0,16.425,24.7354,15.1364,15.3855,12.1746,11.6541,11.444,13.1986,11.0,11.0,11.0,37.4235,16.381,27.1683,60.1161,46.7126,44.0404,30.7326,20.1875,18.1917,26.1797,30.9407,43.7549,29.3599,19.0232,46.2636
F:\projects\DP_Clinical_strains\DP Clinical Isolates results-20220505T053100Z-001\ DP Clinical Isolates results\ELI 17 R1_E. coli_E. coli__3_37_SBR_709_4#26#2022_A_24A_34.OKA,4/26/2022 2:33:07 PM,24-A,PM03B,ELI 17,"44    IF0a+Sodium Succinate/Ferric Citrate
45    IF0a+Sodium Succinate/Ferric Citrate
46    IF0a+Sodium Succinate/Ferric Citrate
47    IF0a+Sodium Succinate/Ferric Citrate
Name: Condition (Medium), dtype: object",E. coli,R1,2.0,15.6024,36.6635,11.0,11.0,11.0,11.0,11.0,11.0,11.0,11.0,14.4113,21.9304,25.1499,11.0,11.0,11.0,11.0,11.0,11.0,11.0,11.0,30.2388,13.8314,18.8595,25.6878,11.0,11.0,11.0,11.0,11.0,11.0,11.0,11.0,11.0,12.6058,20.4923,17.7644,11.0,11.0,11.0,11.0,11.0,11.0,11.0,11.0,11.0,11.0,23.2883,20.7427,11.0,11.0,11.0,11.0,11.0,11.0,12.8374,11.0,11.0,15.3042,22.5402,24.5446,14.1017,27.9232,11.5167,11.7847,53.0028,65.8356,12.1476,12.6175,11.0,15.3422,22.1876,19.1015,15.9235,12.9014,11.0,14.1964,11.2263,11.0,11.6432,11.8047,35.8527,18.0406,25.7064,66.4501,58.9621,52.5624,32.8482,26.1278,23.7148,33.514,39.3051,50.2663,36.4762,25.2133,42.7657
F:\projects\DP_Clinical_strains\DP Clinical Isolates results-20220505T053100Z-001\ DP Clinical Isolates results\ELI 17 R1_E. coli_E. coli__3_37_SBR_709_4#26#2022_A_24A_34.OKA,4/26/2022 2:33:07 PM,24-A,PM03B,ELI 17,"44    IF0a+Sodium Succinate/Ferric Citrate
45    IF0a+Sodium Succinate/Ferric Citrate
46    IF0a+Sodium Succinate/Ferric Citrate
47    IF0a+Sodium Succinate/Ferric Citrate
Name: Condition (Medium), dtype: object",E. coli,R1,2.25,15.9683,38.4009,11.0,11.0,11.0,11.0,11.0,11.0,11.0,11.0,13.5498,19.9617,29.6779,11.0,11.0,11.0,11.0,11.0,11.0,11.0,11.0,36.7006,14.1606,15.9372,32.4475,11.0,11.0,11.0,11.0,11.0,11.0,17.6367,11.0,11.0,12.7015,19.7475,17.5303,11.0,11.0,11.0,11.0,11.0,11.0,11.0,11.0,11.0,12.6288,22.9932,19.5391,11.0,11.0,11.0,11.0,11.0,11.0,13.1829,11.0,11.0,23.1031,26.963,29.3494,13.0778,31.334,11.0,11.0629,52.4681,59.0063,11.0,11.0,11.0,16.0674,25.9763,15.7681,12.6857,11.0,11.0,14.6742,11.0,11.0,11.0,12.5526,43.8873,16.0319,27.3685,74.5253,62.4113,55.6545,36.562,25.1858,25.4346,41.0231,42.0579,53.8198,42.3297,22.5852,50.2332
F:\projects\DP_Clinical_strains\DP Clinical Isolates results-20220505T053100Z-001\ DP Clinical Isolates results\ELI 17 R1_E. coli_E. coli__3_37_SBR_709_4#26#2022_A_24A_34.OKA,4/26/2022 2:33:07 PM,24-A,PM03B,ELI 17,"44    IF0a+Sodium Succinate/Ferric Citrate
45    IF0a+Sodium Succinate/Ferric Citrate
46    IF0a+Sodium Succinate/Ferric Citrate
47    IF0a+Sodium Succinate/Ferric Citrate
Name: Condition (Medium), dtype: object",E. coli,R1,2.5,13.4734,41.5792,11.0,11.0,11.0,11.0,14.9014,11.0,11.0,11.0,13.9254,19.9862,32.7382,11.0,11.0,11.0,11.0,11.0,11.0,11.0,11.0,44.2269,14.337,21.6864,25.4341,11.0,11.0,11.0,11.0,11.0,11.0,25.6141,11.0,13.3181,14.1754,20.3948,18.3973,11.0,11.2506,11.0,11.0,11.0,11.0,11.0,11.4071,11.7473,11.3517,21.3409,20.6698,11.0,11.0,11.0,11.0,12.9561,11.0,18.2986,12.6947,11.2573,25.6377,29.4605,35.3898,14.1055,35.799,14.3628,11.0,55.7385,62.3125,11.0,14.2041,12.0846,20.528,28.5628,16.3681,18.3208,12.3809,17.0272,13.7276,11.0,11.0,12.1611,18.7261,44.6226,22.5308,26.9582,83.6036,70.3084,67.6733,44.4804,30.7292,31.6832,42.4367,49.6482,60.4629,45.2439,29.3167,49.8451
F:\projects\DP_Clinical_strains\DP Clinical Isolates results-20220505T053100Z-001\ DP Clinical Isolates results\ELI 17 R1_E. coli_E. coli__3_37_SBR_709_4#26#2022_A_24A_34.OKA,4/26/2022 2:33:07 PM,24-A,PM03B,ELI 17,"44    IF0a+Sodium Succinate/Ferric Citrate
45    IF0a+Sodium Succinate/Ferric Citrate
46    IF0a+Sodium Succinate/Ferric Citrate
47    IF0a+Sodium Succinate/Ferric Citrate
Name: Condition (Medium), dtype: object",E. coli,R1,2.75,13.7266,25.4476,11.0,11.0,11.0,11.0,11.0,11.0,11.6051,11.0,17.3517,20.7131,36.8197,11.0,11.0,11.0,11.0,11.0,11.0,11.0,11.0,49.939,15.6121,17.4431,26.827,11.0,11.0,11.0,11.0,11.0,11.0,24.155,11.0,11.0,11.0,21.1124,17.3964,11.0,11.0,11.0,11.0,11.0,11.0,11.0,11.0,11.0,15.7621,22.3613,19.1755,11.0,11.4057,11.0,11.0,11.0,11.7925,16.3407,11.0,11.0,28.6793,29.1629,30.6664,13.1027,40.3549,18.0317,11.0,53.5548,58.7199,11.4457,15.6543,11.0638,12.9895,28.7548,15.2544,15.9445,12.5003,16.3612,15.8163,11.0,11.0,11.0,12.6932,23.4895,18.5043,26.8186,90.2874,76.1159,70.7376,40.6616,29.0972,27.6976,45.6699,57.1038,64.4564,49.5523,26.9743,40.1645
F:\projects\DP_Clinical_strains\DP Clinical Isolates results-20220505T053100Z-001\ DP Clinical Isolates results\ELI 17 R1_E. coli_E. coli__3_37_SBR_709_4#26#2022_A_24A_34.OKA,4/26/2022 2:33:07 PM,24-A,PM03B,ELI 17,"44    IF0a+Sodium Succinate/Ferric Citrate
45    IF0a+Sodium Succinate/Ferric Citrate
46    IF0a+Sodium Succinate/Ferric Citrate
47    IF0a+Sodium Succinate/Ferric Citrate
Name: Condition (Medium), dtype: object",E. coli,R1,3.0,11.8683,27.0443,11.0,11.0,11.0,11.0,11.0,11.0,11.0,11.0,12.8545,25.6982,45.6498,11.0,11.0,11.0,11.0,11.0,11.0,11.0,11.0,60.1908,16.4998,19.4969,27.0306,11.0,11.6568,11.0,11.0,11.0,11.0,23.2907,11.0,11.0,11.0,24.0427,18.7967,11.0,11.7524,11.0,11.0,11.0,11.0,11.0,11.0,12.2005,11.576,23.7685,20.1442,11.0,16.3133,11.0,11.0,11.0,11.0,21.28,11.0,11.0,27.5704,31.8271,40.948,15.1811,45.5963,19.0918,11.2516,57.021,50.7778,11.3181,15.7667,12.2126,20.4375,30.1871,14.5877,19.2034,13.8366,15.8667,16.9037,11.0,11.0,12.703,11.0,27.3949,16.2477,27.7627,96.4231,82.2279,75.1127,41.1853,24.4754,35.1656,53.3335,60.6926,82.2573,51.5219,27.4013,43.1144
F:\projects\DP_Clinical_strains\DP Clinical Isolates results-20220505T053100Z-001\ DP Clinical Isolates results\ELI 17 R1_E. coli_E. coli__3_37_SBR_709_4#26#2022_A_24A_34.OKA,4/26/2022 2:33:07 PM,24-A,PM03B,ELI 17,"44    IF0a+Sodium Succinate/Ferric Citrate
45    IF0a+Sodium Succinate/Ferric Citrate
46    IF0a+Sodium Succinate/Ferric Citrate
47    IF0a+Sodium Succinate/Ferric Citrate
Name: Condition (Medium), dtype: object",E. coli,R1,3.25,11.0,29.7734,11.0,11.0,11.0,11.0,11.0,11.0,11.0,11.0,15.3259,19.9949,36.397,11.0,11.0,11.0,11.0,11.0,11.0,11.0,12.4852,60.3801,14.5812,13.7533,22.6647,11.0,13.0262,11.0,11.0,11.0,11.0,30.0205,11.0,13.7569,11.0,18.2713,16.0849,11.0,11.0,11.0,11.0,11.0,11.0,11.0,11.8454,11.0,11.0,20.6711,19.5365,11.0,11.0,11.0,11.0,12.2307,11.0,14.8839,11.3447,11.0,29.743,29.701,42.6697,11.8937,54.3367,25.2903,11.0,56.1416,52.6881,11.0,16.181,11.0,14.1003,28.6444,16.2422,13.7507,13.4397,13.2561,15.2001,14.3943,15.7698,11.6812,11.547,23.8491,17.5299,24.3147,101.2754,88.4915,81.0953,57.341,29.4659,30.6741,63.7286,57.1836,88.575,54.6836,29.1038,34.1169
F:\projects\DP_Clinical_strains\DP Clinical Isolates results-20220505T053100Z-001\ DP Clinical Isolates results\ELI 17 R1_E. coli_E. coli__3_37_SBR_709_4#26#2022_A_24A_34.OKA,4/26/2022 2:33:07 PM,24-A,PM03B,ELI 17,"44    IF0a+Sodium Succinate/Ferric Citrate
45    IF0a+Sodium Succinate/Ferric Citrate
46    IF0a+Sodium Succinate/Ferric Citrate
47    IF0a+Sodium Succinate/Ferric Citrate
Name: Condition (Medium), dtype: object",E. coli,R1,3.5,11.7732,26.0071,11.0,11.0,11.0,11.0,11.0,11.0,11.0,11.0,13.5763,19.267,38.0026,11.0,11.0,11.0,11.0,11.0,11.0,11.0,11.1267,64.2914,17.0899,17.8658,22.389,11.0,14.0429,11.0,11.0,11.0,11.0,39.5712,11.0,11.0,12.4795,17.0541,16.0629,11.0,11.0,11.0,11.0,11.0,11.0,11.0,11.0,11.0,11.2235,18.6618,22.4602,11.0,11.0,11.0,11.0,11.0,11.0,20.5606,11.0,11.0,30.8607,31.5005,47.9986,12.5068,59.4349,33.0187,11.0,56.9827,45.3565,11.0,15.9709,12.8101,13.6291,26.8852,16.3033,11.2973,11.0988,17.0995,17.3664,11.0,11.0,11.0,15.0155,24.4454,15.9507,27.4083,98.2751,103.6907,92.4184,48.7863,29.0905,25.1241,44.6582,76.2711,97.3164,61.3433,26.4426,42.521
F:\projects\DP_Clinical_strains\DP Clinical Isolates results-20220505T053100Z-001\ DP Clinical Isolates results\ELI 17 R1_E. coli_E. coli__3_37_SBR_709_4#26#2022_A_24A_34.OKA,4/26/2022 2:33:07 PM,24-A,PM03B,ELI 17,"44    IF0a+Sodium Succinate/Ferric Citrate
45    IF0a+Sodium Succinate/Ferric Citrate
46    IF0a+Sodium Succinate/Ferric Citrate
47    IF0a+Sodium Succinate/Ferric Citrate
Name: Condition (Medium), dtype: object",E. coli,R1,3.75,15.4602,27.1429,11.0,11.0,11.0,11.0,11.0,11.0,11.0,11.0,14.0704,17.5148,35.1064,11.0,11.0,11.0,11.0,11.0,11.0,11.0,11.0,72.4814,14.5293,16.7182,23.9552,11.0,17.3952,11.0,11.0,11.0,11.0,50.1323,11.0,11.0,11.0,17.1039,12.7384,11.0,11.0,11.0,11.0,11.0,11.0,11.0,11.0,11.0,11.0,23.8713,22.8977,11.0,11.0,11.0,11.0,11.0,11.0,25.3369,11.0,11.0,33.2701,29.6279,35.1794,11.2244,76.6324,35.3275,11.7548,63.0415,48.4726,11.0,20.5074,11.0,16.3038,26.5285,13.3973,12.9135,13.0604,16.1691,14.9616,11.9085,11.0,16.5568,12.6459,22.2734,16.3005,26.9656,114.6343,109.2215,104.43,50.0081,29.7453,34.4625,48.121,62.3482,94.3666,72.5961,25.4489,37.3478
F:\projects\DP_Clinical_strains\DP Clinical Isolates results-20220505T053100Z-001\ DP Clinical Isolates results\ELI 17 R1_E. coli_E. coli__3_37_SBR_709_4#26#2022_A_24A_34.OKA,4/26/2022 2:33:07 PM,24-A,PM03B,ELI 17,"44    IF0a+Sodium Succinate/Ferric Citrate
45    IF0a+Sodium Succinate/Ferric Citrate
46    IF0a+Sodium Succinate/Ferric Citrate
47    IF0a+Sodium Succinate/Ferric Citrate
Name: Condition (Medium), dtype: object",E. coli,R1,4.0,16.3997,27.124,11.0,11.0,11.0,11.0,13.862,11.0,11.0,11.0,11.8868,21.0672,32.6785,11.0,11.0,11.0,11.0,11.0,11.0,11.0,14.1967,85.9424,20.3489,19.1357,23.7762,11.0,26.1297,11.0,11.0,11.0,11.0,61.776,11.0,12.4607,11.0,21.997,20.6284,11.0,11.0,11.0,11.0,11.0,11.0,11.0,11.4391,12.2237,12.7578,25.4543,21.8934,11.0,11.5959,11.0,11.0,11.4127,11.0,29.9704,13.9148,11.0,38.8735,35.4811,40.9839,15.7943,85.6412,37.3762,11.0,54.5665,46.077,11.7017,15.8599,11.0,19.4183,26.1432,14.7602,17.5128,18.4063,15.062,12.8402,14.9451,11.0,11.0,14.362,23.4635,16.2091,28.422,126.3111,116.1733,100.4964,54.8614,30.6645,35.03,60.6115,54.2717,110.5064,80.9856,25.0369,36.8629
F:\projects\DP_Clinical_strains\DP Clinical Isolates results-20220505T053100Z-001\ DP Clinical Isolates results\ELI 17 R1_E. coli_E. coli__3_37_SBR_709_4#26#2022_A_24A_34.OKA,4/26/2022 2:33:07 PM,24-A,PM03B,ELI 17,"44    IF0a+Sodium Succinate/Ferric Citrate
45    IF0a+Sodium Succinate/Ferric Citrate
46    IF0a+Sodium Succinate/Ferric Citrate
47    IF0a+Sodium Succinate/Ferric Citrate
Name: Condition (Medium), dtype: object",E. coli,R1,4.25,13.1892,28.7202,11.0,11.0,11.0,11.0,15.7523,11.0,11.0,11.0,14.7347,21.8486,29.8179,11.0,11.0,11.0,11.0,11.0,11.0,11.0,14.9581,92.3729,16.2194,19.3026,21.1777,11.0,24.3067,11.0,11.0,11.0,11.0,79.285,13.7616,11.0,14.6711,17.6469,20.0791,11.0,11.1257,11.0,11.0,11.0,11.0,11.0,13.3103,11.0,11.0,23.8302,18.7869,11.0,11.1256,11.0,11.0,16.5076,11.0,39.2212,12.9151,11.0,39.7025,34.4378,40.6984,15.4301,103.8429,48.6132,11.0,67.982,40.8049,12.0183,17.375,11.6079,22.9308,26.6262,15.7888,18.9482,12.5067,18.6318,17.96,15.9081,12.0021,11.4512,15.6126,22.3743,15.3279,30.0622,126.3265,115.8497,97.7029,62.5885,30.3986,33.8068,68.8732,75.4707,117.965,68.4874,27.9922,37.6633
F:\projects\DP_Clinical_strains\DP Clinical Isolates results-20220505T053100Z-001\ DP Clinical Isolates results\ELI 17 R1_E. coli_E. coli__3_37_SBR_709_4#26#2022_A_24A_34.OKA,4/26/2022 2:33:07 PM,24-A,PM03B,ELI 17,"44    IF0a+Sodium Succinate/Ferric Citrate
45    IF0a+Sodium Succinate/Ferric Citrate
46    IF0a+Sodium Succinate/Ferric Citrate
47    IF0a+Sodium Succinate/Ferric Citrate
Name: Condition (Medium), dtype: object",E. coli,R1,4.5,15.7016,30.699,11.0,11.0,11.0,11.0,23.6401,11.0,11.2859,11.0,14.4348,21.3853,37.1267,11.0,11.0,11.0,11.0,11.0,11.0,11.0,19.1401,100.1744,19.3759,16.1149,21.7119,11.0,30.2257,11.0,11.0,11.0,11.0,83.822,14.4215,11.0638,14.4828,19.7888,18.5988,11.0,13.7638,11.0,11.0,14.5767,11.0,11.7562,16.7876,15.4503,14.8741,23.8891,24.8186,11.0,13.2909,11.0,11.0,13.919,11.0,49.4057,16.7152,16.2303,50.9532,36.7222,37.8457,15.7261,116.1384,54.2378,11.2516,61.742,41.0378,14.0564,19.5811,15.0826,21.8934,26.6122,21.5775,19.5918,16.9703,20.451,18.591,15.7337,12.2055,15.8851,17.5143,26.3669,22.3223,27.2164,132.8451,126.5519,107.1119,66.0293,34.3621,40.2494,74.9459,79.8791,117.601,83.1312,28.9444,39.6166
F:\projects\DP_Clinical_strains\DP Clinical Isolates results-20220505T053100Z-001\ DP Clinical Isolates results\ELI 17 R1_E. coli_E. coli__3_37_SBR_709_4#26#2022_A_24A_34.OKA,4/26/2022 2:33:07 PM,24-A,PM03B,ELI 17,"44    IF0a+Sodium Succinate/Ferric Citrate
45    IF0a+Sodium Succinate/Ferric Citrate
46    IF0a+Sodium Succinate/Ferric Citrate
47    IF0a+Sodium Succinate/Ferric Citrate
Name: Condition (Medium), dtype: object",E. coli,R1,4.75,15.6827,30.0713,11.0,11.0,11.0,11.0,24.649,11.0,11.0,11.0,14.8339,22.952,37.3163,11.0,11.0,11.0,11.0,11.0,11.0,11.0,19.0606,105.1377,18.2998,20.3041,25.1182,11.0,35.8305,11.0,11.0,11.0,11.0,93.8977,13.9479,12.7503,16.5533,20.6929,16.7623,11.0,13.3472,11.0,11.0,11.0,11.0,11.0,11.8192,12.1015,14.4215,23.2843,19.8765,11.0,11.0,11.0,11.0,12.7711,11.1915,48.1294,13.4189,11.8052,83.4897,38.4671,37.6077,15.691,123.3938,54.769,12.0382,56.6483,38.3631,15.8119,14.4038,13.528,19.8561,28.3742,16.0011,16.2445,14.5338,16.76,15.3805,12.9127,14.5614,16.5211,17.8832,26.6279,20.9359,24.9233,142.4413,132.0991,104.5958,71.883,29.3151,42.3137,82.2033,87.8541,127.246,72.5002,27.748,36.5272
F:\projects\DP_Clinical_strains\DP Clinical Isolates results-20220505T053100Z-001\ DP Clinical Isolates results\ELI 17 R1_E. coli_E. coli__3_37_SBR_709_4#26#2022_A_24A_34.OKA,4/26/2022 2:33:07 PM,24-A,PM03B,ELI 17,"44    IF0a+Sodium Succinate/Ferric Citrate
45    IF0a+Sodium Succinate/Ferric Citrate
46    IF0a+Sodium Succinate/Ferric Citrate
47    IF0a+Sodium Succinate/Ferric Citrate
Name: Condition (Medium), dtype: object",E. coli,R1,5.0,17.4995,27.6918,11.0,11.0,11.0,11.0,27.6221,11.0,11.0,11.0,16.7165,20.5661,45.2353,11.0,11.0,11.0,11.0,11.0,11.0,11.0,20.357,109.6961,20.331,18.6491,24.5286,11.0,44.095,11.0,11.0,11.0,11.0,98.3374,12.9565,15.6968,14.3169,21.8927,16.2574,11.0,12.4426,11.0,11.0,11.0,11.0,11.0,11.0,11.0,11.6742,26.0521,24.0861,11.0,14.9384,11.0,11.0,12.3613,11.0,60.0225,14.2872,15.3263,112.4385,39.4219,42.403,15.9977,133.7561,62.3946,11.0,65.2923,39.4234,11.0,20.7311,17.5194,27.223,30.1524,16.3616,21.0714,19.8867,19.0072,18.4175,15.8647,14.7315,19.978,19.2546,28.3862,13.921,28.4225,142.128,136.8942,116.8089,79.0498,33.9095,38.0648,91.1136,96.664,136.696,77.464,30.0012,36.293
F:\projects\DP_Clinical_strains\DP Clinical Isolates results-20220505T053100Z-001\ DP Clinical Isolates results\ELI 17 R1_E. coli_E. coli__3_37_SBR_709_4#26#2022_A_24A_34.OKA,4/26/2022 2:33:07 PM,24-A,PM03B,ELI 17,"44    IF0a+Sodium Succinate/Ferric Citrate
45    IF0a+Sodium Succinate/Ferric Citrate
46    IF0a+Sodium Succinate/Ferric Citrate
47    IF0a+Sodium Succinate/Ferric Citrate
Name: Condition (Medium), dtype: object",E. coli,R1,5.25,15.1331,35.5229,11.0,11.0,11.0,11.0,26.4394,11.0,11.0,11.0,13.5532,22.3993,44.7247,12.6144,11.0,11.0,11.0,11.0,11.0,11.0,20.8233,114.2387,19.4252,19.1873,17.5161,11.0,45.5628,11.0,11.0,11.0,11.0,108.7296,14.143,13.8611,13.1538,19.4437,17.0634,11.0,16.1413,11.0,11.0,13.5614,11.0,11.0,13.3843,14.2329,12.1183,20.43,22.6434,12.344,11.629,11.0,12.8548,16.803,11.0,69.4903,12.355,11.5796,129.0134,41.6682,36.6527,15.4424,137.4765,61.9431,11.0,75.7221,36.2888,11.0,16.9957,11.4787,21.7607,26.4847,14.879,16.5203,15.1047,16.4034,18.0308,18.0039,14.7176,12.5187,17.5725,26.9579,18.7687,26.5649,142.4294,142.7105,130.3186,88.0177,31.223,41.072,89.7581,98.9771,140.1974,87.8477,27.6021,36.3345
F:\projects\DP_Clinical_strains\DP Clinical Isolates results-20220505T053100Z-001\ DP Clinical Isolates results\ELI 17 R1_E. coli_E. coli__3_37_SBR_709_4#26#2022_A_24A_34.OKA,4/26/2022 2:33:07 PM,24-A,PM03B,ELI 17,"44    IF0a+Sodium Succinate/Ferric Citrate
45    IF0a+Sodium Succinate/Ferric Citrate
46    IF0a+Sodium Succinate/Ferric Citrate
47    IF0a+Sodium Succinate/Ferric Citrate
Name: Condition (Medium), dtype: object",E. coli,R1,5.5,14.8803,34.4992,11.0,11.0,11.0,11.0,34.8003,11.0,12.2153,11.0,14.2573,18.9672,46.1354,12.0796,11.0,11.0313,11.0,11.0,11.0,11.0,28.3379,118.3226,19.4187,21.3898,20.2439,11.0,51.2391,11.0,11.0,11.0,11.0,115.9967,12.6114,11.0,18.6274,23.3624,13.9413,11.0,13.2045,11.0,11.0,11.7886,11.5714,11.0,11.0,13.9575,18.478,22.9797,26.8589,11.0,11.4712,11.0,11.0,16.4827,11.0,73.4405,15.203,11.0,138.291,46.1201,36.1178,16.4725,148.632,71.8668,14.4431,67.8263,38.4807,13.7391,20.46,17.3814,24.814,27.3511,18.8427,17.3709,17.0349,20.3529,20.3832,18.9588,13.4113,15.7619,19.4108,25.5709,17.2092,26.0434,152.1645,151.1309,132.6095,88.5466,35.9851,44.8557,93.7225,109.9615,145.5019,96.2419,30.4909,38.9197
F:\projects\DP_Clinical_strains\DP Clinical Isolates results-20220505T053100Z-001\ DP Clinical Isolates results\ELI 17 R1_E. coli_E. coli__3_37_SBR_709_4#26#2022_A_24A_34.OKA,4/26/2022 2:33:07 PM,24-A,PM03B,ELI 17,"44    IF0a+Sodium Succinate/Ferric Citrate
45    IF0a+Sodium Succinate/Ferric Citrate
46    IF0a+Sodium Succinate/Ferric Citrate
47    IF0a+Sodium Succinate/Ferric Citrate
Name: Condition (Medium), dtype: object",E. coli,R1,5.75,13.791,37.1632,11.0,11.0,11.0,11.0,37.3902,11.0,11.0,11.0,12.7362,20.0975,50.7802,12.4277,11.0,11.0,11.0,11.0,11.0,11.0,28.8587,125.5677,20.6498,17.394,17.2122,11.0,54.807,11.0,11.0,11.0,11.0,118.0541,11.0,11.3518,11.0633,21.3264,18.7307,11.0,12.2216,11.0,11.0,11.0,11.0,11.0,12.4781,14.7866,13.6913,22.7625,17.3829,12.5047,13.7248,11.0,11.0,14.5509,11.0,80.0352,11.0631,11.0,158.1873,47.6585,35.1934,13.8243,166.597,93.0868,11.0,73.2022,38.6527,11.0,17.7234,13.8433,24.1233,25.3954,18.7539,20.2455,16.6772,18.2372,16.2752,17.6239,13.4625,14.4396,13.3795,27.6084,16.4542,25.3596,149.9281,150.9298,144.1718,92.4006,30.7623,48.4923,95.6732,110.6777,151.4894,95.4566,25.1098,37.4194
F:\projects\DP_Clinical_strains\DP Clinical Isolates results-20220505T053100Z-001\ DP Clinical Isolates results\ELI 17 R1_E. coli_E. coli__3_37_SBR_709_4#26#2022_A_24A_34.OKA,4/26/2022 2:33:07 PM,24-A,PM03B,ELI 17,"44    IF0a+Sodium Succinate/Ferric Citrate
45    IF0a+Sodium Succinate/Ferric Citrate
46    IF0a+Sodium Succinate/Ferric Citrate
47    IF0a+Sodium Succinate/Ferric Citrate
Name: Condition (Medium), dtype: object",E. coli,R1,6.0,15.8467,37.2982,11.0,11.0,11.0,11.0,41.1226,11.0,11.3829,11.0,14.0314,18.4794,51.8118,13.5819,11.0,11.0,11.0,11.0,11.0,11.0,36.1303,128.6356,18.3581,15.3789,22.5034,11.0,61.3244,11.0,11.0,11.0,11.0,127.4147,11.0,13.9003,13.6823,20.4245,15.4608,11.0,13.7272,11.0,11.0,11.0,11.0,13.4402,12.0693,15.2594,13.49,24.2089,23.2372,11.0,13.1599,11.0,11.0,13.8731,11.0,74.9138,11.7254,13.3752,163.4422,46.0353,37.6171,17.5763,163.0462,137.6088,11.0,75.2457,35.9076,11.0,18.3692,13.7174,20.8176,30.0883,17.05,19.5059,14.0505,20.6219,19.8094,16.6843,11.0,16.5274,12.7081,26.9112,16.3273,26.197,156.8855,165.5991,149.4798,98.1999,29.8115,53.5261,100.3841,118.2299,152.8961,97.088,30.2379,31.6802
F:\projects\DP_Clinical_strains\DP Clinical Isolates results-20220505T053100Z-001\ DP Clinical Isolates results\ELI 17 R1_E. coli_E. coli__3_37_SBR_709_4#26#2022_A_24A_34.OKA,4/26/2022 2:33:07 PM,24-A,PM03B,ELI 17,"44    IF0a+Sodium Succinate/Ferric Citrate
45    IF0a+Sodium Succinate/Ferric Citrate
46    IF0a+Sodium Succinate/Ferric Citrate
47    IF0a+Sodium Succinate/Ferric Citrate
Name: Condition (Medium), dtype: object",E. coli,R1,6.25,18.8555,41.0124,11.0,11.0,11.0,11.0,47.9801,11.0,11.0,11.0,17.4495,20.6164,53.3019,14.4274,11.1558,11.0,11.0,11.0,11.0,11.0,39.9917,130.3535,19.9165,18.1065,22.578,11.0,67.9295,11.0,11.0,11.0,11.0,139.7134,12.3599,12.7578,17.6688,16.5962,18.9372,13.5895,13.8154,11.0,11.0,11.0,11.0,11.0,13.3573,17.7486,14.2581,23.0172,24.6468,11.0,12.7939,11.0,11.0,12.8471,14.4745,82.4933,11.0,13.8982,179.0419,53.5032,38.9692,15.4324,167.2789,157.3083,14.473,80.2509,31.8799,13.2079,17.4105,13.7496,26.7512,25.6025,16.8054,21.9278,20.1987,21.8571,17.1456,13.9579,11.2934,16.9501,15.9092,27.2105,16.4687,25.0466,158.9211,171.6591,148.4961,107.2312,34.8675,52.3017,101.5225,126.5774,166.9969,105.3454,31.2711,37.4473
F:\projects\DP_Clinical_strains\DP Clinical Isolates results-20220505T053100Z-001\ DP Clinical Isolates results\ELI 17 R1_E. coli_E. coli__3_37_SBR_709_4#26#2022_A_24A_34.OKA,4/26/2022 2:33:07 PM,24-A,PM03B,ELI 17,"44    IF0a+Sodium Succinate/Ferric Citrate
45    IF0a+Sodium Succinate/Ferric Citrate
46    IF0a+Sodium Succinate/Ferric Citrate
47    IF0a+Sodium Succinate/Ferric Citrate
Name: Condition (Medium), dtype: object",E. coli,R1,6.5,17.622,35.6176,11.0,11.0,11.0,11.0,51.0249,11.0,11.0,11.0,13.6771,18.1405,57.9846,14.4702,11.0,11.0,11.0,11.0,11.0,11.0,44.5102,131.7103,21.2668,17.7332,21.2372,11.0,69.3996,11.0,11.0,11.0,11.0,144.662,13.1532,12.628,13.4667,21.091,17.7654,11.2587,11.0,11.0,11.0,11.0,11.0,11.0,13.1104,16.9781,14.236,25.9221,23.8721,12.1525,13.5154,11.2561,11.0,15.857,11.3517,97.4824,15.2478,16.1,190.4035,52.9851,36.9884,17.4228,169.7361,180.2684,16.0326,76.6604,35.0772,11.0,18.281,14.0479,19.7218,24.2632,17.8825,22.2899,18.8177,19.0678,15.5494,17.8199,12.5351,14.7193,18.9934,26.9899,20.4232,23.8808,164.2645,174.9191,153.2558,104.7099,32.6306,61.9555,107.2716,134.4343,175.8648,108.6769,28.8106,35.7254
F:\projects\DP_Clinical_strains\DP Clinical Isolates results-20220505T053100Z-001\ DP Clinical Isolates results\ELI 17 R1_E. coli_E. coli__3_37_SBR_709_4#26#2022_A_24A_34.OKA,4/26/2022 2:33:07 PM,24-A,PM03B,ELI 17,"44    IF0a+Sodium Succinate/Ferric Citrate
45    IF0a+Sodium Succinate/Ferric Citrate
46    IF0a+Sodium Succinate/Ferric Citrate
47    IF0a+Sodium Succinate/Ferric Citrate
Name: Condition (Medium), dtype: object",E. coli,R1,6.75,18.1636,48.6921,11.0,11.0,11.0,11.0,58.4519,11.0,11.0,11.0,18.0001,22.9895,64.184,13.511,11.0,11.0,11.0,11.0,11.0,11.0,53.1108,137.0281,24.3312,19.7464,20.3876,11.0,74.3272,11.0,11.0,11.0,11.0,145.5985,16.2473,18.3786,17.4828,18.7924,16.2744,11.0,14.398,11.0,11.0,11.7867,11.0,11.8202,15.0044,18.0331,17.0919,29.0346,26.2828,11.0,16.7196,11.0,12.4617,21.7862,12.9809,95.2831,16.8133,13.4544,194.9089,58.4762,38.4659,18.3171,178.8338,199.699,11.0,77.369,32.8781,13.7393,19.0093,16.8219,25.1123,27.3941,19.874,15.1612,23.4503,25.0938,22.2629,14.3751,13.4474,17.5951,17.9213,29.6909,20.5912,29.8896,167.9917,176.7285,156.9677,114.5367,36.4325,69.2076,117.6071,139.9009,180.7922,111.958,34.811,33.7191
F:\projects\DP_Clinical_strains\DP Clinical Isolates results-20220505T053100Z-001\ DP Clinical Isolates results\ELI 17 R1_E. coli_E. coli__3_37_SBR_709_4#26#2022_A_24A_34.OKA,4/26/2022 2:33:07 PM,24-A,PM03B,ELI 17,"44    IF0a+Sodium Succinate/Ferric Citrate
45    IF0a+Sodium Succinate/Ferric Citrate
46    IF0a+Sodium Succinate/Ferric Citrate
47    IF0a+Sodium Succinate/Ferric Citrate
Name: Condition (Medium), dtype: object",E. coli,R1,7.0,20.6409,46.8912,11.0,11.0,11.0,11.0,61.4632,11.0,13.2693,12.4082,17.8189,22.3116,67.176,15.2717,11.0,11.0,11.0,11.0,11.0,12.1618,55.8944,143.3011,25.0714,19.4533,22.4371,11.0,77.1006,11.0,11.0,11.0,11.0,151.8808,15.431,13.7289,16.0817,21.145,18.0896,11.0,11.0,11.0,11.0,11.0315,11.0,11.1895,12.3902,18.9767,16.4987,27.4812,25.2628,11.2576,13.6606,11.2565,12.3334,17.4423,14.0375,100.0168,12.4851,15.7775,200.8327,71.7052,39.9141,15.8211,183.8701,212.1638,14.251,78.0765,32.9365,15.0789,17.7117,15.0409,28.9102,27.1905,22.9647,18.5864,19.9246,22.9806,19.907,20.2448,17.197,20.1263,20.3276,27.528,17.1556,29.7576,172.0449,183.4066,165.3111,114.3144,35.3317,66.6552,115.0012,145.4461,184.6762,121.0743,35.6187,38.3311
F:\projects\DP_Clinical_strains\DP Clinical Isolates results-20220505T053100Z-001\ DP Clinical Isolates results\ELI 17 R1_E. coli_E. coli__3_37_SBR_709_4#26#2022_A_24A_34.OKA,4/26/2022 2:33:07 PM,24-A,PM03B,ELI 17,"44    IF0a+Sodium Succinate/Ferric Citrate
45    IF0a+Sodium Succinate/Ferric Citrate
46    IF0a+Sodium Succinate/Ferric Citrate
47    IF0a+Sodium Succinate/Ferric Citrate
Name: Condition (Medium), dtype: object",E. coli,R1,7.25,19.9988,50.3849,11.0,11.0,11.0,11.0,62.4495,11.0,11.0,11.0,17.6127,21.3997,71.5301,17.7024,11.0,11.0,11.0,11.0,11.0,12.2598,58.8239,145.5131,26.2246,16.5038,18.1298,11.0,81.1858,11.0,11.0,11.0,11.0,152.8664,16.5014,13.8755,11.0,23.8835,16.6876,11.0,17.0413,11.0,11.0,11.0,11.0,11.0,14.5878,18.5829,14.1186,25.8792,21.924,11.7692,12.7602,11.0,14.5475,18.2163,11.9908,98.2624,17.0705,15.9864,205.8277,95.3463,38.0651,15.5993,183.0888,217.0665,14.9107,78.909,29.6432,11.0,16.106,14.912,22.4339,25.7181,20.3302,19.0332,21.1525,27.0777,17.0882,18.5922,15.075,16.6731,15.6364,29.0685,19.0133,27.654,173.3024,184.2753,170.5004,114.4417,36.6852,74.2456,121.4241,148.5393,186.7865,123.8374,37.0472,33.3787
F:\projects\DP_Clinical_strains\DP Clinical Isolates results-20220505T053100Z-001\ DP Clinical Isolates results\ELI 17 R1_E. coli_E. coli__3_37_SBR_709_4#26#2022_A_24A_34.OKA,4/26/2022 2:33:07 PM,24-A,PM03B,ELI 17,"44    IF0a+Sodium Succinate/Ferric Citrate
45    IF0a+Sodium Succinate/Ferric Citrate
46    IF0a+Sodium Succinate/Ferric Citrate
47    IF0a+Sodium Succinate/Ferric Citrate
Name: Condition (Medium), dtype: object",E. coli,R1,7.5,17.3221,52.634,11.0,11.0,11.0,11.0,63.4699,11.0,11.0,11.0,14.4349,21.1676,66.6916,19.5566,11.0,11.0,11.0,11.0,11.0,11.0,60.7607,152.8169,22.3062,17.5884,22.9433,11.0,80.4778,11.0,11.0,11.0,11.0,157.8446,15.3076,11.7057,18.2306,18.9038,14.3542,11.0,11.3496,11.0,11.0,11.0,11.0,11.0,12.1058,17.4448,15.0724,25.0298,20.7727,11.0,11.0,11.0,11.3828,18.6126,11.0,97.1317,13.2226,11.0,210.5074,111.1003,35.7258,14.4253,185.2612,225.4106,11.0,80.1191,32.5545,11.5129,17.8122,11.3234,20.2576,22.6372,14.8473,16.3497,15.7501,23.1485,14.2301,12.9903,14.7619,11.9078,16.3887,24.9474,16.3146,23.4164,176.6336,185.4556,169.1186,122.3853,40.7928,73.0999,122.018,151.6084,189.9871,120.927,40.2062,27.7922
F:\projects\DP_Clinical_strains\DP Clinical Isolates results-20220505T053100Z-001\ DP Clinical Isolates results\ELI 17 R1_E. coli_E. coli__3_37_SBR_709_4#26#2022_A_24A_34.OKA,4/26/2022 2:33:07 PM,24-A,PM03B,ELI 17,"44    IF0a+Sodium Succinate/Ferric Citrate
45    IF0a+Sodium Succinate/Ferric Citrate
46    IF0a+Sodium Succinate/Ferric Citrate
47    IF0a+Sodium Succinate/Ferric Citrate
Name: Condition (Medium), dtype: object",E. coli,R1,7.75,18.8085,54.8253,11.0,11.0,11.0,11.0,69.2404,11.0,11.0,11.0,16.7667,19.0811,73.5009,26.9987,11.0,11.0,11.0,11.0,11.0,11.0,70.481,158.0192,27.7308,17.2046,17.1839,11.0,86.1264,11.0,11.0,11.0,11.0,167.494,11.0,15.8994,13.6019,22.1629,17.169,11.0,11.6042,11.0,11.0,11.0,11.0,11.0,11.0,17.2716,16.0679,27.6933,26.1943,11.0,11.0,11.0,11.0,23.3128,11.0,104.8361,14.3942,11.0,216.7608,121.0652,36.6387,12.9024,192.3519,228.3736,13.4425,74.631,29.5672,11.5127,16.0854,16.609,22.3655,22.3071,17.5183,17.1945,16.0074,20.8239,16.0827,13.3185,12.1084,14.816,20.2363,23.866,14.7228,27.9961,179.0968,183.0885,174.4102,126.1806,43.0496,81.8877,127.5349,159.8026,192.6704,126.6685,39.2299,34.2161
F:\projects\DP_Clinical_strains\DP Clinical Isolates results-20220505T053100Z-001\ DP Clinical Isolates results\ELI 17 R1_E. coli_E. coli__3_37_SBR_709_4#26#2022_A_24A_34.OKA,4/26/2022 2:33:07 PM,24-A,PM03B,ELI 17,"44    IF0a+Sodium Succinate/Ferric Citrate
45    IF0a+Sodium Succinate/Ferric Citrate
46    IF0a+Sodium Succinate/Ferric Citrate
47    IF0a+Sodium Succinate/Ferric Citrate
Name: Condition (Medium), dtype: object",E. coli,R1,8.0,15.6077,56.9972,11.0,11.0,11.0,11.0,72.1467,11.0,11.5101,11.0,15.6302,21.4364,80.362,25.7857,11.0,11.0,11.0,11.0,11.0,11.0,72.0929,162.633,29.9416,17.6941,19.1206,11.0,89.5875,11.0,11.0,11.0,11.0,171.1082,11.0,14.0081,14.375,21.7982,19.8096,11.0,11.0,11.0,11.0,11.0,11.0,11.0,13.5534,16.6045,11.5792,21.3955,22.7022,11.0,12.0082,11.0,11.0,28.9094,12.2835,99.3531,14.9823,13.044,217.9713,128.0405,32.0086,11.3543,195.2408,238.3076,11.0,70.8867,34.3524,13.5583,15.9989,11.7103,18.4135,25.0905,13.2827,15.2722,13.897,18.0237,15.6504,17.0394,13.9407,15.5716,15.3865,25.1678,13.8712,23.7006,187.1101,181.8749,177.7027,124.0004,43.32,83.1741,125.7543,158.1104,197.4128,132.5608,44.635,33.2491
F:\projects\DP_Clinical_strains\DP Clinical Isolates results-20220505T053100Z-001\ DP Clinical Isolates results\ELI 17 R1_E. coli_E. coli__3_37_SBR_709_4#26#2022_A_24A_34.OKA,4/26/2022 2:33:07 PM,24-A,PM03B,ELI 17,"44    IF0a+Sodium Succinate/Ferric Citrate
45    IF0a+Sodium Succinate/Ferric Citrate
46    IF0a+Sodium Succinate/Ferric Citrate
47    IF0a+Sodium Succinate/Ferric Citrate
Name: Condition (Medium), dtype: object",E. coli,R1,8.25,19.3112,63.9106,11.0,11.0,11.0,11.0,79.4836,11.0,11.0,11.0,16.363,19.0183,83.8589,36.6463,11.0,11.0,11.0,11.0,11.0,11.0,79.7505,164.8831,34.445,19.8933,24.0086,11.0,96.3082,11.0,11.0,11.0,11.0,175.9108,14.8947,19.6431,14.8396,22.8358,15.5902,11.0,12.9256,11.0,11.0,11.0,11.0,11.0,14.8737,18.1352,15.2426,27.7957,19.4835,11.0,14.2309,11.0,11.0,33.7417,11.5767,112.2237,14.7825,15.9587,227.0684,138.7233,36.768,15.6457,191.4197,237.7963,12.7677,79.7191,36.623,12.1826,21.1621,17.2963,26.9184,26.1318,19.6715,18.5271,18.8565,25.7558,21.8958,21.0217,16.8558,16.1574,19.7878,23.3236,19.0436,24.8389,188.0593,194.8734,183.0887,132.0587,47.1445,85.695,131.7798,168.5202,198.7539,136.599,51.1925,33.3158
F:\projects\DP_Clinical_strains\DP Clinical Isolates results-20220505T053100Z-001\ DP Clinical Isolates results\ELI 17 R1_E. coli_E. coli__3_37_SBR_709_4#26#2022_A_24A_34.OKA,4/26/2022 2:33:07 PM,24-A,PM03B,ELI 17,"44    IF0a+Sodium Succinate/Ferric Citrate
45    IF0a+Sodium Succinate/Ferric Citrate
46    IF0a+Sodium Succinate/Ferric Citrate
47    IF0a+Sodium Succinate/Ferric Citrate
Name: Condition (Medium), dtype: object",E. coli,R1,8.5,18.1182,64.477,11.0,11.0,11.0,11.0,84.3189,11.0,11.0,11.0,16.8521,19.1625,89.2903,42.6841,11.0,12.0656,11.0,11.0,11.0,14.5417,84.81,178.6795,31.4515,16.129,20.9836,11.0,105.4548,11.0,11.0,11.0,13.0139,178.9888,14.9536,18.6551,15.0996,23.1996,18.1386,11.0,12.1692,11.0,11.0,11.0,11.0,11.0,16.8211,18.1363,15.3967,27.2098,24.4307,11.0,15.8093,11.2251,11.0,43.0999,11.0,111.8007,16.7522,12.322,228.4968,147.1531,35.8991,14.6398,199.2053,242.9533,15.9575,75.6005,37.2318,14.4493,20.1371,13.2455,21.167,25.1582,16.8027,17.6391,22.3272,25.0153,16.7823,15.8462,12.6852,18.3941,19.2692,21.5216,21.0687,21.7255,191.7736,200.7532,189.171,135.7366,50.5305,90.7794,138.0276,174.3764,202.7456,136.2705,53.3204,31.3229
F:\projects\DP_Clinical_strains\DP Clinical Isolates results-20220505T053100Z-001\ DP Clinical Isolates results\ELI 17 R1_E. coli_E. coli__3_37_SBR_709_4#26#2022_A_24A_34.OKA,4/26/2022 2:33:07 PM,24-A,PM03B,ELI 17,"44    IF0a+Sodium Succinate/Ferric Citrate
45    IF0a+Sodium Succinate/Ferric Citrate
46    IF0a+Sodium Succinate/Ferric Citrate
47    IF0a+Sodium Succinate/Ferric Citrate
Name: Condition (Medium), dtype: object",E. coli,R1,8.75,17.3811,75.4016,11.0,11.0,11.0,11.0,83.29,11.0,13.4759,11.0,15.2035,22.9064,93.1608,44.2294,11.0,11.3451,11.0,11.0,11.0,11.0,89.8322,175.1715,37.4568,18.2279,17.8962,11.0,107.1127,11.0,11.0,11.0,12.2802,179.4934,12.363,15.1679,17.8113,20.2886,14.9384,11.1938,14.0514,11.0,11.0,11.0,11.0,12.3813,15.9242,20.2307,13.4008,25.4005,19.6471,11.0,17.9047,13.5882,11.6335,46.8487,13.0384,114.917,14.0682,16.5768,232.8288,164.8131,35.3311,17.6962,201.0257,245.5005,14.5251,84.8319,39.0057,15.5917,19.2893,13.8567,23.1321,26.6723,17.557,22.6425,11.1647,24.1965,19.9527,20.2882,11.8763,15.9118,19.5295,21.2398,19.5912,23.8572,192.1968,210.3322,198.1385,145.8261,58.1032,89.9014,143.8084,176.3922,210.4586,148.5833,54.8188,30.775
F:\projects\DP_Clinical_strains\DP Clinical Isolates results-20220505T053100Z-001\ DP Clinical Isolates results\ELI 17 R1_E. coli_E. coli__3_37_SBR_709_4#26#2022_A_24A_34.OKA,4/26/2022 2:33:07 PM,24-A,PM03B,ELI 17,"44    IF0a+Sodium Succinate/Ferric Citrate
45    IF0a+Sodium Succinate/Ferric Citrate
46    IF0a+Sodium Succinate/Ferric Citrate
47    IF0a+Sodium Succinate/Ferric Citrate
Name: Condition (Medium), dtype: object",E. coli,R1,9.0,14.7955,79.0966,11.0,11.0,11.0,11.0,95.2107,11.0,11.0,11.0,15.15,20.2625,95.7861,47.4837,11.0,11.0,11.0,11.0,11.0,11.0,90.4882,188.6048,40.9826,14.7113,20.8888,11.0,111.4145,14.0657,11.0,11.0,13.7552,184.1493,14.4172,12.8524,14.9239,21.2537,17.2956,11.0,12.3524,11.0,11.0,11.3781,11.0,11.0,12.427,14.9382,15.574,25.1067,23.1303,11.0,17.355,11.0,12.3974,49.3287,11.9902,114.4195,14.4764,14.3343,235.9981,176.6066,33.7651,20.8077,196.3615,247.4352,15.9841,87.5026,34.3782,15.1216,17.5443,11.2894,21.7124,26.9856,17.374,20.6988,17.2149,22.879,19.5373,17.0691,13.5764,17.6899,19.1502,23.1261,18.5705,23.1048,194.4211,211.4124,201.5923,148.347,59.6857,94.1608,149.9492,183.3909,211.8568,144.5818,49.8667,32.9688
F:\projects\DP_Clinical_strains\DP Clinical Isolates results-20220505T053100Z-001\ DP Clinical Isolates results\ELI 17 R1_E. coli_E. coli__3_37_SBR_709_4#26#2022_A_24A_34.OKA,4/26/2022 2:33:07 PM,24-A,PM03B,ELI 17,"44    IF0a+Sodium Succinate/Ferric Citrate
45    IF0a+Sodium Succinate/Ferric Citrate
46    IF0a+Sodium Succinate/Ferric Citrate
47    IF0a+Sodium Succinate/Ferric Citrate
Name: Condition (Medium), dtype: object",E. coli,R1,9.25,17.2198,83.4949,11.0,11.0,11.0,11.0,91.4106,11.0,11.0,11.0,17.1358,19.6603,101.82,49.1794,11.0,11.0,11.0,11.0,11.0,12.287,92.9208,192.1376,43.3473,17.0223,21.8837,11.0,116.4235,11.0,11.0,11.0,11.0,187.8002,14.7661,14.836,14.0202,23.741,16.6281,11.0,13.9165,11.0,11.0,11.0,11.0,11.0,14.1974,19.4375,11.4835,25.8645,23.5323,12.1502,12.5298,11.0,15.4219,55.082,11.0,116.174,16.269,13.8071,236.8788,185.088,33.7935,13.5944,198.5735,247.7129,15.6055,88.4423,37.2187,13.5746,15.3234,12.1818,22.266,23.9154,15.5068,22.634,18.2227,23.6399,16.3517,12.8807,16.019,13.8573,18.3038,22.5673,16.2993,19.1305,191.5583,219.832,211.0625,151.9883,64.4446,97.4462,149.1666,183.827,218.2539,148.0894,56.4116,33.0287
F:\projects\DP_Clinical_strains\DP Clinical Isolates results-20220505T053100Z-001\ DP Clinical Isolates results\ELI 17 R1_E. coli_E. coli__3_37_SBR_709_4#26#2022_A_24A_34.OKA,4/26/2022 2:33:07 PM,24-A,PM03B,ELI 17,"44    IF0a+Sodium Succinate/Ferric Citrate
45    IF0a+Sodium Succinate/Ferric Citrate
46    IF0a+Sodium Succinate/Ferric Citrate
47    IF0a+Sodium Succinate/Ferric Citrate
Name: Condition (Medium), dtype: object",E. coli,R1,9.5,20.1918,86.086,11.0,11.0,11.0,11.0,95.3969,11.0,11.0,11.0,15.0587,20.2331,109.3629,51.1763,11.0,12.1546,11.0,11.0,11.0,11.0,98.6446,200.4487,48.6542,19.2808,19.6773,11.0,120.7167,11.0,11.0,11.0,11.0,194.2497,15.8564,14.2889,16.5681,22.5836,19.9631,11.0,13.7272,11.0,11.0,11.5673,12.4354,12.0093,15.6138,19.6874,16.7904,23.3936,25.6443,11.0,15.5971,12.8825,13.15,59.035,11.2569,117.449,14.1266,17.6924,238.822,180.4967,36.7529,15.5634,208.3517,253.214,16.8094,84.8472,39.428,17.5682,20.2336,14.4465,19.0764,25.3205,17.4666,15.9384,18.0893,25.4201,14.1505,16.343,13.2762,13.0915,11.0968,24.7945,16.1181,24.5696,203.3031,215.3788,206.29,146.3988,70.1784,101.1772,157.8027,185.0402,213.7329,159.989,53.7389,28.2646
F:\projects\DP_Clinical_strains\DP Clinical Isolates results-20220505T053100Z-001\ DP Clinical Isolates results\ELI 17 R1_E. coli_E. coli__3_37_SBR_709_4#26#2022_A_24A_34.OKA,4/26/2022 2:33:07 PM,24-A,PM03B,ELI 17,"44    IF0a+Sodium Succinate/Ferric Citrate
45    IF0a+Sodium Succinate/Ferric Citrate
46    IF0a+Sodium Succinate/Ferric Citrate
47    IF0a+Sodium Succinate/Ferric Citrate
Name: Condition (Medium), dtype: object",E. coli,R1,9.75,13.9297,91.0595,11.0,11.0,11.0,11.0,101.2194,13.2238,11.0,11.0,13.3625,16.8464,107.5823,57.5188,11.0,11.0,11.0,11.0,11.0,11.0,105.2098,204.3029,55.2173,17.4571,20.1664,11.0,122.3877,11.0,11.0,11.0,11.1282,194.2724,15.1539,13.6445,14.7775,22.2265,14.6695,11.0,14.3705,11.0,11.0,12.2921,11.0,11.0,13.762,16.5367,11.8345,24.4798,23.347,11.0,15.2544,13.9651,11.0,62.8216,13.0035,123.9627,16.2105,14.409,240.672,192.25,34.8423,16.9617,202.8418,254.3658,11.5057,86.3834,41.8171,11.0,18.7595,16.9859,17.7781,22.7087,16.8751,19.151,17.113,23.3382,21.3767,16.1821,17.0114,15.3591,17.2877,24.9685,21.1026,25.1075,202.114,226.1251,214.391,153.7839,64.5749,99.0739,160.2436,190.7223,220.0576,155.3951,56.4668,32.3682
F:\projects\DP_Clinical_strains\DP Clinical Isolates results-20220505T053100Z-001\ DP Clinical Isolates results\ELI 17 R1_E. coli_E. coli__3_37_SBR_709_4#26#2022_A_24A_34.OKA,4/26/2022 2:33:07 PM,24-A,PM03B,ELI 17,"44    IF0a+Sodium Succinate/Ferric Citrate
45    IF0a+Sodium Succinate/Ferric Citrate
46    IF0a+Sodium Succinate/Ferric Citrate
47    IF0a+Sodium Succinate/Ferric Citrate
Name: Condition (Medium), dtype: object",E. coli,R1,10.0,16.7017,94.8163,11.0,11.0,11.0,11.0,104.9561,12.0706,11.0,11.0,14.3151,17.1693,111.1662,59.2135,11.0,11.0,11.0,11.0,11.0,11.0,107.4633,209.0533,59.5876,19.5797,17.2329,11.0,128.9137,11.285,11.0,11.0,11.0,195.7662,11.3811,15.4423,13.546,22.1476,17.5908,12.8045,13.9826,11.0,11.0,11.5674,11.0,11.0,12.8018,17.8669,16.2862,23.6348,14.9628,11.0,15.5369,11.0,12.3008,62.2308,11.0,124.6639,13.9299,15.9419,240.2156,195.067,38.9569,14.8026,202.0059,253.6912,16.2838,88.2463,40.509,11.5083,18.6342,14.8692,22.7235,22.8198,16.9712,19.3301,14.1416,26.9326,16.7556,12.3615,12.7908,16.0362,15.3492,24.7516,20.2199,27.1364,197.1963,233.174,223.3008,159.7388,73.6743,101.4625,165.8203,192.3746,225.6356,157.9706,59.5266,33.214
F:\projects\DP_Clinical_strains\DP Clinical Isolates results-20220505T053100Z-001\ DP Clinical Isolates results\ELI 17 R1_E. coli_E. coli__3_37_SBR_709_4#26#2022_A_24A_34.OKA,4/26/2022 2:33:07 PM,24-A,PM03B,ELI 17,"44    IF0a+Sodium Succinate/Ferric Citrate
45    IF0a+Sodium Succinate/Ferric Citrate
46    IF0a+Sodium Succinate/Ferric Citrate
47    IF0a+Sodium Succinate/Ferric Citrate
Name: Condition (Medium), dtype: object",E. coli,R1,10.25,17.1112,98.5954,11.0,11.0,11.0,11.0,107.8152,11.0,11.0,11.0,18.2823,19.8561,116.9379,60.757,11.0,11.0,11.0,11.0,11.0,11.0,110.6855,211.9799,59.0751,18.6687,21.2417,11.0,133.0592,11.0,11.0,11.0,15.2987,199.1758,14.4068,11.6721,16.3786,26.7579,18.7552,11.0,16.8133,11.0,11.0,11.5662,11.0,11.0,15.7872,18.066,15.0875,26.3838,22.7647,11.0,15.3789,11.3537,11.0,66.176,11.5776,123.0046,19.364,17.6668,243.4843,195.5668,37.2716,17.9677,211.4129,254.6141,17.3021,82.4286,44.851,16.6544,19.137,15.9758,21.0921,23.5432,16.5825,18.5488,17.3797,22.947,19.2472,16.9759,16.3286,17.9072,17.5108,26.1299,19.2167,26.9106,203.8631,236.2474,223.7977,164.3029,80.6566,110.8188,168.8609,196.2506,222.311,167.6737,58.0323,29.7737
F:\projects\DP_Clinical_strains\DP Clinical Isolates results-20220505T053100Z-001\ DP Clinical Isolates results\ELI 17 R1_E. coli_E. coli__3_37_SBR_709_4#26#2022_A_24A_34.OKA,4/26/2022 2:33:07 PM,24-A,PM03B,ELI 17,"44    IF0a+Sodium Succinate/Ferric Citrate
45    IF0a+Sodium Succinate/Ferric Citrate
46    IF0a+Sodium Succinate/Ferric Citrate
47    IF0a+Sodium Succinate/Ferric Citrate
Name: Condition (Medium), dtype: object",E. coli,R1,10.5,15.4184,107.462,11.0,11.0,11.0,11.0,113.9111,11.0,11.0,11.0,18.2839,22.5642,119.217,68.9142,11.0,11.0,11.0,11.0,11.0,11.0,113.4796,215.9491,67.7315,16.6868,23.5671,11.0,132.4197,13.4913,11.0,11.0,17.5512,204.1251,17.8098,19.9807,16.402,23.0642,16.9582,13.7916,12.0997,11.0,11.0,11.0,11.0,11.8491,11.9769,19.0688,15.9892,26.7772,20.0828,11.0,15.2591,11.0,15.5845,66.1217,15.0349,128.8862,19.2436,22.9183,246.9604,206.8171,37.6967,18.0484,217.3755,256.2508,15.4969,90.492,41.6332,14.6439,20.557,16.2178,22.8359,24.625,20.564,20.6285,16.3658,24.7623,21.9564,17.8099,14.9454,14.2595,18.9906,28.2415,16.381,26.717,204.2165,235.0011,231.8392,172.0557,83.9795,109.2399,172.897,204.1788,235.9543,168.3226,61.0154,34.1754
F:\projects\DP_Clinical_strains\DP Clinical Isolates results-20220505T053100Z-001\ DP Clinical Isolates results\ELI 17 R1_E. coli_E. coli__3_37_SBR_709_4#26#2022_A_24A_34.OKA,4/26/2022 2:33:07 PM,24-A,PM03B,ELI 17,"44    IF0a+Sodium Succinate/Ferric Citrate
45    IF0a+Sodium Succinate/Ferric Citrate
46    IF0a+Sodium Succinate/Ferric Citrate
47    IF0a+Sodium Succinate/Ferric Citrate
Name: Condition (Medium), dtype: object",E. coli,R1,10.75,17.2391,110.2547,11.0,11.6866,11.0,11.0,114.0448,11.0,12.9901,11.0,20.5652,21.1765,123.9159,73.8721,11.0,11.0,11.0,11.0,11.0,11.0,120.0283,223.5316,68.4392,20.1076,16.9352,11.0,138.0022,11.0,11.0,11.0,16.5024,206.2966,16.9762,18.7953,18.3389,22.9453,19.1809,16.4799,16.0129,11.0,11.3506,14.5712,11.0,14.2883,14.2522,22.7144,15.264,28.4628,27.8833,11.2232,16.2046,18.0379,13.1746,77.3945,14.0452,129.8851,22.3346,22.3782,252.4501,204.7785,36.4284,14.7585,224.0955,261.2106,19.2222,93.426,44.853,11.6069,20.3815,18.4884,27.6703,28.0354,17.243,20.4952,20.3075,25.1417,20.4752,20.8494,16.0217,14.9465,16.0131,29.5175,18.0527,26.6323,202.3345,238.3965,234.8898,176.6645,86.9604,113.4615,175.491,207.8226,238.1736,174.4816,63.3257,34.0275
F:\projects\DP_Clinical_strains\DP Clinical Isolates results-20220505T053100Z-001\ DP Clinical Isolates results\ELI 17 R1_E. coli_E. coli__3_37_SBR_709_4#26#2022_A_24A_34.OKA,4/26/2022 2:33:07 PM,24-A,PM03B,ELI 17,"44    IF0a+Sodium Succinate/Ferric Citrate
45    IF0a+Sodium Succinate/Ferric Citrate
46    IF0a+Sodium Succinate/Ferric Citrate
47    IF0a+Sodium Succinate/Ferric Citrate
Name: Condition (Medium), dtype: object",E. coli,R1,11.0,19.3585,120.5984,11.0,11.0,11.0,11.0,120.4361,11.1883,11.0,13.0636,18.2583,20.4166,122.7744,77.6351,11.0,11.0,11.0,11.0,11.0,11.0,123.4297,225.6522,77.1577,18.0777,18.3987,11.0319,140.0029,11.0,11.0,11.0,19.7379,207.2746,18.0907,18.7134,16.8245,20.2411,16.9604,11.0,11.4726,11.0,11.0,14.5095,14.8755,11.0,12.5399,22.7412,13.1399,26.8205,24.4672,11.0,14.6913,12.1273,11.0634,83.772,15.1944,144.3178,17.6803,26.068,254.4346,212.0919,39.7381,17.8682,230.7228,259.8614,18.4266,90.7822,42.1915,16.9045,21.067,15.994,22.3224,25.0409,18.1458,19.7389,13.6136,26.6492,17.8344,15.4917,12.8115,16.1313,18.0748,28.4427,21.0146,20.38,200.0658,243.5453,246.0612,177.1943,91.4812,121.2608,178.1949,214.1117,241.9951,173.1577,61.9818,35.1064
F:\projects\DP_Clinical_strains\DP Clinical Isolates results-20220505T053100Z-001\ DP Clinical Isolates results\ELI 17 R1_E. coli_E. coli__3_37_SBR_709_4#26#2022_A_24A_34.OKA,4/26/2022 2:33:07 PM,24-A,PM03B,ELI 17,"44    IF0a+Sodium Succinate/Ferric Citrate
45    IF0a+Sodium Succinate/Ferric Citrate
46    IF0a+Sodium Succinate/Ferric Citrate
47    IF0a+Sodium Succinate/Ferric Citrate
Name: Condition (Medium), dtype: object",E. coli,R1,11.25,16.1201,123.5344,11.0,11.8451,11.0,11.0,129.2193,11.0,13.4983,11.0,20.0505,23.9629,137.43,86.2401,11.0,11.7156,11.0,11.0,11.0,11.0,128.7677,227.0653,80.0711,18.9986,21.213,11.0,144.6754,11.0,11.0,11.0,19.3871,209.6186,14.4512,19.7603,17.4797,23.4164,18.4059,11.0,19.8561,11.0,11.0961,14.6022,12.4322,14.5495,14.7787,19.3074,18.6256,29.453,26.0191,11.0,20.168,15.5733,14.7834,88.8403,13.4831,143.6668,22.126,33.2586,253.7803,213.2054,35.7784,19.7351,242.276,261.1059,20.0287,89.4487,43.847,12.1444,21.8869,14.6663,24.6542,25.4951,16.6287,21.3228,19.7378,26.415,19.1106,18.9277,19.1626,21.0569,19.9205,28.5889,20.06,25.1131,211.4294,241.6543,243.4467,179.243,95.4348,124.2534,182.6296,217.3069,243.5808,183.256,63.3643,34.579
F:\projects\DP_Clinical_strains\DP Clinical Isolates results-20220505T053100Z-001\ DP Clinical Isolates results\ELI 17 R1_E. coli_E. coli__3_37_SBR_709_4#26#2022_A_24A_34.OKA,4/26/2022 2:33:07 PM,24-A,PM03B,ELI 17,"44    IF0a+Sodium Succinate/Ferric Citrate
45    IF0a+Sodium Succinate/Ferric Citrate
46    IF0a+Sodium Succinate/Ferric Citrate
47    IF0a+Sodium Succinate/Ferric Citrate
Name: Condition (Medium), dtype: object",E. coli,R1,11.5,17.4282,126.6055,11.0,11.0,11.0,11.0,127.459,11.0,11.0,11.0,16.7893,16.9717,139.0185,91.1103,11.0,11.0,11.0,11.0,11.0,13.7614,128.1834,233.5034,85.5515,17.5229,21.8508,11.0,144.0833,11.0,11.0,11.0,20.0133,213.3691,14.5262,18.4467,18.5044,25.812,17.4503,14.3674,15.0865,11.0,11.0,14.6335,11.5748,12.4411,16.996,19.2166,16.0425,27.3603,23.5637,11.0,15.7368,11.0,12.8923,96.0125,12.4015,141.3003,20.4904,26.497,257.3287,215.6028,37.2695,17.357,245.9854,266.231,15.3246,89.4205,46.7218,11.6745,20.2687,14.4117,23.7693,23.5385,14.8904,20.8852,16.5068,28.4289,20.7694,12.5864,12.5497,18.0929,19.4764,30.3754,18.478,23.3071,214.577,245.8841,245.525,179.5772,93.2326,128.1558,185.9119,218.0729,247.8714,180.4496,65.0398,34.2549
F:\projects\DP_Clinical_strains\DP Clinical Isolates results-20220505T053100Z-001\ DP Clinical Isolates results\ELI 17 R1_E. coli_E. coli__3_37_SBR_709_4#26#2022_A_24A_34.OKA,4/26/2022 2:33:07 PM,24-A,PM03B,ELI 17,"44    IF0a+Sodium Succinate/Ferric Citrate
45    IF0a+Sodium Succinate/Ferric Citrate
46    IF0a+Sodium Succinate/Ferric Citrate
47    IF0a+Sodium Succinate/Ferric Citrate
Name: Condition (Medium), dtype: object",E. coli,R1,11.75,17.3869,129.9873,11.0,11.0,11.0,11.0,136.9294,11.0,11.0,11.0,15.0056,17.3979,148.3829,98.7803,11.0,11.0,11.0,11.0,11.0,12.7581,132.7605,236.8276,89.669,23.2116,19.5422,11.0,153.1677,11.0,11.0,11.0,21.8162,213.7005,16.6579,18.895,17.7609,25.3989,15.5716,11.0,12.7339,11.0,11.0,11.3444,11.9553,14.5336,15.7795,21.4122,15.0488,26.5859,22.8012,14.4115,18.6618,11.0,12.614,99.2755,11.2559,153.5199,22.2945,28.2931,254.665,218.4801,36.3373,21.4351,253.1548,263.3649,16.0331,90.6534,46.5184,15.991,20.7348,16.4806,20.9099,24.6367,14.9334,18.7955,18.648,25.7931,25.5943,16.7246,13.0093,19.2506,17.5503,28.824,18.024,30.324,216.9716,246.9948,249.1251,186.6887,99.4632,135.4808,187.9001,225.3555,252.0142,180.5421,68.5985,35.249
F:\projects\DP_Clinical_strains\DP Clinical Isolates results-20220505T053100Z-001\ DP Clinical Isolates results\ELI 17 R1_E. coli_E. coli__3_37_SBR_709_4#26#2022_A_24A_34.OKA,4/26/2022 2:33:07 PM,24-A,PM03B,ELI 17,"44    IF0a+Sodium Succinate/Ferric Citrate
45    IF0a+Sodium Succinate/Ferric Citrate
46    IF0a+Sodium Succinate/Ferric Citrate
47    IF0a+Sodium Succinate/Ferric Citrate
Name: Condition (Medium), dtype: object",E. coli,R1,12.0,18.3386,136.0932,11.0,11.0,11.0,11.0,139.4803,11.0,11.0,11.0,18.3726,20.3316,149.2349,102.9166,11.0,11.0,11.0,11.0,11.0,13.8742,133.1351,234.9512,93.9398,17.9091,20.8655,11.0637,154.29,14.7755,11.0,11.0,27.4453,217.8246,13.1144,15.6354,18.3757,24.6091,18.819,11.0,14.4718,11.0,11.0,14.1976,12.4988,11.0,14.8285,14.4953,18.9739,24.1491,25.3882,11.0,16.3746,13.8451,13.336,103.2757,14.3374,167.0218,30.2672,30.689,255.8857,222.183,35.9266,17.4563,257.1008,268.5057,17.3424,93.4153,49.3836,12.4025,22.1983,14.9514,30.9723,27.489,22.0524,20.2001,17.9854,30.678,22.8291,13.3597,13.7937,15.9124,20.172,25.4769,21.144,24.557,217.7559,244.3238,255.5264,191.9739,103.6063,132.8836,191.496,234.9021,261.2113,186.8057,67.2979,34.3569
F:\projects\DP_Clinical_strains\DP Clinical Isolates results-20220505T053100Z-001\ DP Clinical Isolates results\ELI 17 R1_E. coli_E. coli__3_37_SBR_709_4#26#2022_A_24A_34.OKA,4/26/2022 2:33:07 PM,24-A,PM03B,ELI 17,"44    IF0a+Sodium Succinate/Ferric Citrate
45    IF0a+Sodium Succinate/Ferric Citrate
46    IF0a+Sodium Succinate/Ferric Citrate
47    IF0a+Sodium Succinate/Ferric Citrate
Name: Condition (Medium), dtype: object",E. coli,R1,12.25,20.7635,138.4014,11.0,11.0,11.0,11.0,140.3201,11.0,11.0,11.0,13.101,18.9436,154.8155,107.8219,11.0,11.0,11.0,11.0,11.0,12.2205,137.7235,241.4728,102.4253,20.3048,17.3629,11.0,156.6211,15.3464,11.0,11.2187,30.1441,214.2198,15.6996,20.6065,20.6584,23.688,15.9564,11.0,15.9702,11.2857,11.0,12.0663,11.6368,17.9923,17.9397,20.6802,11.7981,23.4085,18.1938,13.8789,15.8614,11.0,15.4461,106.199,17.4318,173.8343,32.9114,29.4783,257.8271,225.966,35.106,15.9978,258.5184,267.1741,16.5374,89.8299,48.653,13.325,23.2475,16.3569,28.6733,19.5688,15.6627,20.283,17.7502,27.4976,20.157,16.3419,12.7755,11.2902,16.1259,28.8082,19.4559,26.1499,225.2753,245.6138,257.5455,199.1532,106.6148,134.9379,193.8409,237.5567,259.0898,186.7136,63.8339,31.8069
F:\projects\DP_Clinical_strains\DP Clinical Isolates results-20220505T053100Z-001\ DP Clinical Isolates results\ELI 17 R1_E. coli_E. coli__3_37_SBR_709_4#26#2022_A_24A_34.OKA,4/26/2022 2:33:07 PM,24-A,PM03B,ELI 17,"44    IF0a+Sodium Succinate/Ferric Citrate
45    IF0a+Sodium Succinate/Ferric Citrate
46    IF0a+Sodium Succinate/Ferric Citrate
47    IF0a+Sodium Succinate/Ferric Citrate
Name: Condition (Medium), dtype: object",E. coli,R1,12.5,20.883,145.7239,11.0,11.0,11.0,11.0,144.2189,12.4999,11.0,11.0,20.6612,20.3766,158.6494,105.8759,11.0,12.8001,11.0,11.0,11.0,11.157,141.0705,241.8876,105.0944,17.1251,16.524,11.0,158.4115,13.142,11.0,11.0,35.9831,218.3178,16.2992,20.8713,19.2825,25.1093,11.0,11.3847,15.2616,11.0,11.0,14.5906,11.0,15.7142,17.3153,24.6159,15.4459,21.6852,21.6688,13.894,13.258,11.0,13.647,112.2878,14.0774,186.4859,34.4912,36.3128,261.6064,225.3528,36.2891,21.7471,262.7308,267.0473,17.5197,93.8626,48.5395,17.1251,21.2391,16.5091,23.8731,22.3655,15.409,19.3051,16.2187,27.2016,23.9682,14.5489,11.0,13.239,18.7676,30.8727,21.081,24.1978,227.6592,243.1445,258.3748,202.9061,107.5609,137.8735,197.8535,234.2238,261.2037,192.0421,70.591,33.6829
F:\projects\DP_Clinical_strains\DP Clinical Isolates results-20220505T053100Z-001\ DP Clinical Isolates results\ELI 17 R1_E. coli_E. coli__3_37_SBR_709_4#26#2022_A_24A_34.OKA,4/26/2022 2:33:07 PM,24-A,PM03B,ELI 17,"44    IF0a+Sodium Succinate/Ferric Citrate
45    IF0a+Sodium Succinate/Ferric Citrate
46    IF0a+Sodium Succinate/Ferric Citrate
47    IF0a+Sodium Succinate/Ferric Citrate
Name: Condition (Medium), dtype: object",E. coli,R1,12.75,20.1277,148.8806,11.0,11.0,11.0,11.0,152.941,13.9174,16.7325,11.0,18.7307,21.1888,165.2729,112.021,11.0,11.0,11.0,11.0,11.0,17.9759,145.6563,245.2552,110.1708,21.2882,21.9528,11.0,170.1223,13.3112,11.0,11.0,41.9992,226.1042,18.9363,24.5551,24.4302,26.1808,19.4286,11.0,17.4781,12.211,14.236,14.4836,13.1306,11.0,17.1544,22.605,16.9358,29.9325,24.1239,13.5157,19.4084,15.5264,15.243,116.9432,16.6641,198.8267,45.8515,39.376,260.8824,227.4917,41.7697,20.1401,267.3492,270.4883,18.2877,96.2627,52.4276,18.5859,24.44,16.1868,29.7138,29.2075,19.943,26.4994,20.8678,25.1319,21.3883,18.0058,20.3357,19.8109,19.2406,31.9043,22.2841,25.1904,236.5498,243.29,260.4839,201.09,113.8251,153.7299,200.509,239.5225,266.4499,199.6444,77.8379,36.1565
F:\projects\DP_Clinical_strains\DP Clinical Isolates results-20220505T053100Z-001\ DP Clinical Isolates results\ELI 17 R1_E. coli_E. coli__3_37_SBR_709_4#26#2022_A_24A_34.OKA,4/26/2022 2:33:07 PM,24-A,PM03B,ELI 17,"44    IF0a+Sodium Succinate/Ferric Citrate
45    IF0a+Sodium Succinate/Ferric Citrate
46    IF0a+Sodium Succinate/Ferric Citrate
47    IF0a+Sodium Succinate/Ferric Citrate
Name: Condition (Medium), dtype: object",E. coli,R1,13.0,18.0753,150.7438,11.0,11.0,11.0,11.0,152.5281,13.3279,11.0,11.0,15.9214,21.5744,170.5835,111.0478,11.0,11.0,11.0,11.0,11.0,16.1917,155.6277,247.9871,116.5533,19.5197,19.39,14.1366,172.2884,16.828,11.0,11.0,46.8476,227.1075,20.2882,20.4704,21.9006,26.5067,19.8373,13.5977,11.5987,11.0,11.0,14.6451,13.3618,13.4526,17.8822,26.4897,20.0264,31.9694,23.6017,11.9545,16.5313,12.6978,12.5265,124.3333,15.0561,205.8506,51.5894,38.9421,265.2986,224.4206,41.0287,17.9735,269.03,271.6035,21.0276,92.0009,55.9654,14.0548,25.2754,22.2518,27.5738,27.758,19.9009,22.7246,22.332,24.9616,21.5335,18.1325,19.4687,19.0213,22.0356,31.5128,21.2587,22.6168,249.5715,247.2522,258.2944,200.8794,114.0975,158.6302,204.8728,242.6828,263.8564,211.1833,70.1554,36.7712
F:\projects\DP_Clinical_strains\DP Clinical Isolates results-20220505T053100Z-001\ DP Clinical Isolates results\ELI 17 R1_E. coli_E. coli__3_37_SBR_709_4#26#2022_A_24A_34.OKA,4/26/2022 2:33:07 PM,24-A,PM03B,ELI 17,"44    IF0a+Sodium Succinate/Ferric Citrate
45    IF0a+Sodium Succinate/Ferric Citrate
46    IF0a+Sodium Succinate/Ferric Citrate
47    IF0a+Sodium Succinate/Ferric Citrate
Name: Condition (Medium), dtype: object",E. coli,R1,13.25,22.7763,160.7751,11.0,11.0,11.0,11.0,160.7145,13.8363,15.5314,11.0,18.9877,23.2827,174.2962,117.4935,11.4944,11.0,11.0,11.0,11.443,15.5411,157.4919,249.638,122.1678,19.7755,19.5331,14.2108,176.8415,15.7398,11.0,11.0,46.3101,230.376,21.3429,22.0031,21.1243,26.1102,21.3301,15.476,16.4942,11.0,11.6401,18.3973,13.6447,15.9017,17.8875,27.877,18.2266,29.6715,27.1705,11.2234,18.9183,19.6722,15.539,128.9566,18.7128,211.2888,58.5055,44.3421,262.0112,233.6666,47.512,21.2013,270.0246,271.3294,20.3191,101.5031,53.3112,18.7837,28.2632,22.4418,29.3663,24.0652,19.1281,27.0217,23.8965,31.8551,27.2271,24.417,17.8351,18.6019,18.093,34.0426,24.559,29.027,243.3265,247.4686,268.6427,207.4716,123.4954,160.3226,206.0496,243.8701,270.4932,208.6396,79.9487,42.5052
F:\projects\DP_Clinical_strains\DP Clinical Isolates results-20220505T053100Z-001\ DP Clinical Isolates results\ELI 17 R1_E. coli_E. coli__3_37_SBR_709_4#26#2022_A_24A_34.OKA,4/26/2022 2:33:07 PM,24-A,PM03B,ELI 17,"44    IF0a+Sodium Succinate/Ferric Citrate
45    IF0a+Sodium Succinate/Ferric Citrate
46    IF0a+Sodium Succinate/Ferric Citrate
47    IF0a+Sodium Succinate/Ferric Citrate
Name: Condition (Medium), dtype: object",E. coli,R1,13.5,17.3967,168.4074,11.0,11.0,11.0,11.0,157.1127,11.0,11.7301,11.0,14.2207,24.2346,173.3825,112.2039,11.0,11.0,11.0,11.0,11.0,13.4393,157.3505,247.6748,124.0192,19.9129,19.0656,11.0,173.6439,11.0,11.0,11.0,46.4167,227.2198,15.6776,21.4382,18.8675,26.6071,15.297,11.258,13.7685,11.0,11.0,11.0,11.3188,14.1377,14.921,20.4044,19.8542,28.7378,23.7509,11.3194,21.2612,14.4158,14.1211,128.9331,16.623,212.5108,54.6267,42.5548,260.3177,238.7591,45.3371,17.046,269.3931,271.7712,17.9945,92.8822,51.3275,15.2133,21.7363,17.0764,26.524,23.6747,19.7824,22.2563,20.1804,31.3394,21.8757,18.0565,14.1709,19.8015,21.0613,13.4408,17.541,22.7984,237.9724,244.0698,275.1927,215.9158,125.543,155.4654,205.5475,251.5227,270.0393,201.6695,84.5446,41.3549
F:\projects\DP_Clinical_strains\DP Clinical Isolates results-20220505T053100Z-001\ DP Clinical Isolates results\ELI 17 R1_E. coli_E. coli__3_37_SBR_709_4#26#2022_A_24A_34.OKA,4/26/2022 2:33:07 PM,24-A,PM03B,ELI 17,"44    IF0a+Sodium Succinate/Ferric Citrate
45    IF0a+Sodium Succinate/Ferric Citrate
46    IF0a+Sodium Succinate/Ferric Citrate
47    IF0a+Sodium Succinate/Ferric Citrate
Name: Condition (Medium), dtype: object",E. coli,R1,13.75,18.5893,172.4051,11.0,12.6198,11.0,11.0,161.825,11.0,11.0,11.3513,18.6321,22.5245,172.8943,117.0296,11.0,15.0068,11.0,11.0,11.0,15.1971,163.2801,253.7586,133.5847,18.7195,21.0332,11.0,179.1154,17.741,11.0,11.4387,56.1999,227.3943,16.7279,19.1321,20.4299,27.6612,18.403,11.0,20.2391,11.0,11.9922,13.8778,15.7756,11.0,16.1886,21.9214,17.095,28.877,22.8747,11.5763,18.6695,14.3918,15.0723,131.7451,17.2439,218.0896,64.4967,44.7011,260.5196,246.5012,46.8303,20.0061,271.7151,273.5547,15.4588,96.8371,57.2618,19.5406,24.4015,20.4466,28.2466,27.0216,20.4116,25.2186,18.8301,32.5141,23.7021,15.7082,18.6495,13.3783,19.7125,22.9234,22.6656,20.3709,240.2989,246.7038,274.2973,222.8959,135.4892,161.4127,207.0516,254.8371,269.9275,207.0781,84.7579,41.8522
F:\projects\DP_Clinical_strains\DP Clinical Isolates results-20220505T053100Z-001\ DP Clinical Isolates results\ELI 17 R1_E. coli_E. coli__3_37_SBR_709_4#26#2022_A_24A_34.OKA,4/26/2022 2:33:07 PM,24-A,PM03B,ELI 17,"44    IF0a+Sodium Succinate/Ferric Citrate
45    IF0a+Sodium Succinate/Ferric Citrate
46    IF0a+Sodium Succinate/Ferric Citrate
47    IF0a+Sodium Succinate/Ferric Citrate
Name: Condition (Medium), dtype: object",E. coli,R1,14.0,23.4197,173.2537,11.0,11.0,11.0,11.0,170.9858,11.1259,14.681,11.0,19.7929,19.5859,181.1815,122.8056,11.0,12.8706,11.0,11.0,11.0,13.9507,169.047,256.862,140.0363,20.511,19.589,16.0443,182.8878,16.9408,11.0,11.0,59.2622,234.6252,20.2098,22.4916,22.6683,24.2601,18.0506,12.9945,19.6588,11.3828,11.3214,16.2431,13.8338,19.3736,18.1203,23.8504,17.4283,30.399,28.0624,13.6019,17.55,14.5784,15.5934,138.3055,15.8755,226.0939,69.6605,47.4057,264.9866,246.3677,50.6567,17.8662,274.9421,275.5589,17.0446,95.2522,59.1992,17.1977,27.2541,18.445,32.9522,23.6648,19.1864,24.5555,17.9602,29.9721,21.7487,19.2296,19.942,19.9349,18.6519,18.0624,24.3789,25.5,251.0589,246.7845,272.4721,222.0561,137.993,172.7331,208.2832,255.2313,271.3548,216.5579,81.8658,38.994
F:\projects\DP_Clinical_strains\DP Clinical Isolates results-20220505T053100Z-001\ DP Clinical Isolates results\ELI 17 R1_E. coli_E. coli__3_37_SBR_709_4#26#2022_A_24A_34.OKA,4/26/2022 2:33:07 PM,24-A,PM03B,ELI 17,"44    IF0a+Sodium Succinate/Ferric Citrate
45    IF0a+Sodium Succinate/Ferric Citrate
46    IF0a+Sodium Succinate/Ferric Citrate
47    IF0a+Sodium Succinate/Ferric Citrate
Name: Condition (Medium), dtype: object",E. coli,R1,14.25,22.5631,178.1313,11.0,11.0,11.0,11.0,170.1718,13.7936,14.2874,15.2541,19.4063,22.5302,188.3129,131.6899,11.0,13.2646,11.0,11.0,11.0,18.265,170.6431,259.0218,137.5029,14.5437,22.7733,13.1728,183.2863,16.7659,11.0,11.0,59.2839,232.5975,19.0296,20.0439,18.055,26.8916,21.2549,11.0,13.7448,11.0,11.1604,14.7588,14.8323,16.4142,15.1747,24.0874,20.0879,30.2832,24.388,14.9349,18.2636,16.6974,17.2988,138.0544,14.3591,224.162,76.6428,51.8537,264.075,249.8932,52.7463,18.1742,276.7349,274.6461,19.4906,100.8171,53.9361,15.8741,24.6109,18.7284,29.0891,22.5149,19.4654,24.6939,19.4472,31.3013,22.8729,22.7421,17.0575,19.5787,20.0575,19.4446,16.4627,27.7184,254.4336,246.2162,280.8271,223.3733,134.8272,175.3425,214.1606,264.0619,272.7073,217.2816,84.2792,38.3925
F:\projects\DP_Clinical_strains\DP Clinical Isolates results-20220505T053100Z-001\ DP Clinical Isolates results\ELI 17 R1_E. coli_E. coli__3_37_SBR_709_4#26#2022_A_24A_34.OKA,4/26/2022 2:33:07 PM,24-A,PM03B,ELI 17,"44    IF0a+Sodium Succinate/Ferric Citrate
45    IF0a+Sodium Succinate/Ferric Citrate
46    IF0a+Sodium Succinate/Ferric Citrate
47    IF0a+Sodium Succinate/Ferric Citrate
Name: Condition (Medium), dtype: object",E. coli,R1,14.5,17.6416,181.5968,11.0,15.0928,12.1174,11.0,174.944,14.2431,14.2406,11.0,20.6824,19.3225,188.7866,140.9439,11.6483,12.5609,11.0,11.0,11.0,16.7133,171.9079,257.8008,138.5031,18.155,17.7755,13.3816,186.5142,15.9283,11.0,11.0,61.9681,231.389,14.7314,21.0732,21.1616,24.1055,18.6747,11.0,16.1734,11.0,13.1734,12.0734,14.3735,15.1189,13.6799,21.3918,17.1424,28.5894,29.7789,17.153,17.9754,11.6118,15.7243,141.0342,16.3371,226.7307,79.7883,53.0189,262.2353,251.3425,52.4361,19.7737,274.6463,277.6635,20.4035,98.5302,54.8388,18.4056,21.7922,17.492,24.9411,25.0002,18.086,23.4778,23.4609,30.1854,24.4128,17.3553,15.3951,14.6501,19.9049,19.2035,21.6144,27.9051,250.8018,243.7645,278.5889,227.8839,145.9017,174.4091,211.7552,263.0911,272.7457,216.829,93.6218,38.4629
F:\projects\DP_Clinical_strains\DP Clinical Isolates results-20220505T053100Z-001\ DP Clinical Isolates results\ELI 17 R1_E. coli_E. coli__3_37_SBR_709_4#26#2022_A_24A_34.OKA,4/26/2022 2:33:07 PM,24-A,PM03B,ELI 17,"44    IF0a+Sodium Succinate/Ferric Citrate
45    IF0a+Sodium Succinate/Ferric Citrate
46    IF0a+Sodium Succinate/Ferric Citrate
47    IF0a+Sodium Succinate/Ferric Citrate
Name: Condition (Medium), dtype: object",E. coli,R1,14.75,18.0354,184.1247,11.0,13.7504,11.0,11.0,181.8635,11.0,12.1802,11.0,19.2606,22.1097,200.1468,142.1039,11.0,14.0146,11.0,11.0,11.0,16.1016,177.8908,263.0286,141.5523,15.8467,22.7265,11.7046,194.4967,19.0034,11.6397,11.0,66.4099,238.7892,17.8269,23.2357,20.5227,26.3626,16.7555,11.0,17.2071,11.0636,11.0,13.1644,12.1807,15.6287,21.1554,20.3567,18.8139,30.5632,24.9488,12.0201,19.2497,14.2001,16.5236,149.2315,17.4278,234.8718,85.7218,58.0737,264.6117,249.9113,55.1276,22.165,276.1674,276.5283,18.6206,96.6235,57.5591,18.941,22.3692,18.3259,26.1853,24.1849,16.4699,23.9632,24.644,29.317,20.6362,20.7483,18.772,13.4097,22.8215,20.5176,17.4194,25.5227,260.8702,248.5941,278.0926,229.2853,148.4619,182.7296,214.1171,264.2691,275.7163,220.0444,92.6971,41.7083
F:\projects\DP_Clinical_strains\DP Clinical Isolates results-20220505T053100Z-001\ DP Clinical Isolates results\ELI 17 R1_E. coli_E. coli__3_37_SBR_709_4#26#2022_A_24A_34.OKA,4/26/2022 2:33:07 PM,24-A,PM03B,ELI 17,"44    IF0a+Sodium Succinate/Ferric Citrate
45    IF0a+Sodium Succinate/Ferric Citrate
46    IF0a+Sodium Succinate/Ferric Citrate
47    IF0a+Sodium Succinate/Ferric Citrate
Name: Condition (Medium), dtype: object",E. coli,R1,15.0,21.2994,192.2714,11.0621,11.0,11.0,11.0,177.8483,12.1967,17.5608,11.8612,20.1502,20.4431,196.1429,139.3156,11.0,11.4674,11.0,11.0,11.0,15.9222,183.618,262.0442,138.5282,20.0347,23.1214,11.0,198.6619,20.2058,11.0,11.0,70.9674,234.3364,18.6936,26.3626,19.778,27.5408,16.1776,13.8256,16.5756,11.0,11.0,14.008,12.2429,15.8385,21.1628,25.2409,17.916,31.4893,26.2822,11.0,13.6942,16.0705,12.8282,148.9226,13.4917,238.9136,92.1511,56.3718,263.3042,249.1837,59.0089,17.3385,276.7028,277.3534,20.9685,97.8604,60.8912,15.7913,20.4001,18.8869,27.0218,26.2609,18.3924,25.2524,20.2682,28.505,21.5872,20.7738,17.194,16.9387,18.2603,21.5582,20.2903,24.4788,257.051,249.7513,282.9474,236.9538,156.7125,180.2303,213.2743,269.4578,278.1503,224.3349,96.7613,40.0554
F:\projects\DP_Clinical_strains\DP Clinical Isolates results-20220505T053100Z-001\ DP Clinical Isolates results\ELI 17 R1_E. coli_E. coli__3_37_SBR_709_4#26#2022_A_24A_34.OKA,4/26/2022 2:33:07 PM,24-A,PM03B,ELI 17,"44    IF0a+Sodium Succinate/Ferric Citrate
45    IF0a+Sodium Succinate/Ferric Citrate
46    IF0a+Sodium Succinate/Ferric Citrate
47    IF0a+Sodium Succinate/Ferric Citrate
Name: Condition (Medium), dtype: object",E. coli,R1,15.25,21.5211,193.6241,11.0,11.3142,11.0,11.0,177.3306,11.0,12.0865,11.0,16.3465,21.0309,194.5341,139.1571,11.0,13.2105,11.0,11.0,11.0,14.5833,180.1628,260.794,147.2027,17.5465,21.8766,12.085,195.6842,19.2751,11.0,11.0,68.3971,233.6176,15.7086,22.8056,17.9847,25.1965,16.4531,13.805,14.3897,11.0,11.0,12.7583,11.0,11.5995,13.3284,20.3688,13.8701,31.3286,23.0348,11.0,18.8322,12.4107,13.9854,155.6862,14.1154,238.6245,89.7782,55.8093,260.9721,259.733,55.7549,16.6167,275.6979,274.1994,15.6445,97.3201,59.2206,20.0723,21.1499,14.7523,31.1626,19.1602,16.7079,24.3525,21.3619,29.1799,19.7789,17.3847,16.2741,16.6247,21.185,15.2079,19.0078,27.1908,252.7718,245.6197,284.5979,247.6156,155.9495,177.5694,210.2531,267.3204,275.8124,222.5995,100.9878,46.0479
F:\projects\DP_Clinical_strains\DP Clinical Isolates results-20220505T053100Z-001\ DP Clinical Isolates results\ELI 17 R1_E. coli_E. coli__3_37_SBR_709_4#26#2022_A_24A_34.OKA,4/26/2022 2:33:07 PM,24-A,PM03B,ELI 17,"44    IF0a+Sodium Succinate/Ferric Citrate
45    IF0a+Sodium Succinate/Ferric Citrate
46    IF0a+Sodium Succinate/Ferric Citrate
47    IF0a+Sodium Succinate/Ferric Citrate
Name: Condition (Medium), dtype: object",E. coli,R1,15.5,24.9716,197.1938,11.0,11.0,11.0,11.0,191.1575,11.0,12.1093,11.0,16.0401,21.2336,214.4351,143.5103,11.0,11.0,11.0956,11.0,11.0,19.5959,186.5873,265.2592,164.5087,20.3097,21.5398,11.0,199.7436,19.5208,11.0,11.0,75.0285,239.1195,17.4996,16.9788,20.0812,25.2707,17.3195,11.0,16.5674,11.0,11.0,15.9698,11.5086,16.0055,19.5374,21.6556,21.9129,29.1663,27.9025,13.7461,20.5293,13.677,14.2173,158.0827,17.0565,239.4814,100.6665,61.9174,262.9578,255.5982,61.877,15.0918,278.8892,277.4708,23.2139,99.937,58.9484,16.5562,22.0812,19.2928,28.9301,24.9271,19.7441,23.8986,18.104,34.0855,22.9417,18.1624,15.9992,19.1245,18.5916,17.973,23.9679,25.9049,260.2764,247.2643,284.674,246.5138,163.042,184.3242,210.5443,269.5392,277.2474,226.2737,103.6782,39.8578
F:\projects\DP_Clinical_strains\DP Clinical Isolates results-20220505T053100Z-001\ DP Clinical Isolates results\ELI 17 R1_E. coli_E. coli__3_37_SBR_709_4#26#2022_A_24A_34.OKA,4/26/2022 2:33:07 PM,24-A,PM03B,ELI 17,"44    IF0a+Sodium Succinate/Ferric Citrate
45    IF0a+Sodium Succinate/Ferric Citrate
46    IF0a+Sodium Succinate/Ferric Citrate
47    IF0a+Sodium Succinate/Ferric Citrate
Name: Condition (Medium), dtype: object",E. coli,R1,15.75,22.1407,200.6291,11.0,11.0,11.0,11.0,189.3181,11.0,15.0076,11.0,15.9118,20.9115,222.1387,146.8475,11.0,11.0,11.0,11.0,11.0,14.3223,187.7333,265.4882,154.009,20.7757,19.6914,11.0,203.7716,17.2928,11.0,11.0,73.8087,240.5363,19.6125,21.2334,20.8183,25.4739,16.1099,11.0,15.0723,11.0,11.0,18.1088,12.3068,17.1893,19.5193,21.3635,24.016,27.8156,27.7887,15.2063,11.0315,15.6476,16.4305,160.5534,13.5123,244.381,102.0379,59.3282,261.7964,252.5995,63.3101,17.6029,278.9886,277.673,17.5819,99.5363,60.3298,18.3446,19.8397,20.9148,26.8671,19.2099,15.4923,22.5447,24.8914,37.3194,25.5628,23.463,17.7568,17.7669,19.0406,21.5165,18.7106,27.0093,266.2284,253.2153,285.0839,247.6452,167.9723,191.2932,218.0471,270.6591,276.6901,237.0854,98.9794,48.4868
F:\projects\DP_Clinical_strains\DP Clinical Isolates results-20220505T053100Z-001\ DP Clinical Isolates results\ELI 17 R1_E. coli_E. coli__3_37_SBR_709_4#26#2022_A_24A_34.OKA,4/26/2022 2:33:07 PM,24-A,PM03B,ELI 17,"44    IF0a+Sodium Succinate/Ferric Citrate
45    IF0a+Sodium Succinate/Ferric Citrate
46    IF0a+Sodium Succinate/Ferric Citrate
47    IF0a+Sodium Succinate/Ferric Citrate
Name: Condition (Medium), dtype: object",E. coli,R1,16.0,16.0397,201.9998,11.0,11.0,11.0,11.0,192.0244,11.0,15.125,11.0,12.3545,18.6665,221.7985,153.0655,11.0,11.0,11.0,11.0,11.0,16.7673,189.1303,264.9344,146.7328,15.9081,16.5706,11.0,207.4152,19.6432,11.0,11.0,80.7201,240.1247,15.3345,18.0691,17.7849,23.5228,15.1608,11.0,16.371,11.0,11.0,11.0316,14.1416,13.8264,18.9022,22.7903,19.7233,24.9984,23.5856,14.6504,16.5045,18.4226,14.5082,162.0711,17.5277,243.1891,103.6783,64.2655,261.5819,261.6015,64.5759,16.7953,279.3463,277.6686,22.1317,99.7504,57.6896,13.9638,21.1947,18.3462,23.3225,24.1948,18.7393,22.7575,19.1026,30.0542,23.6488,19.6175,17.4614,22.1186,16.2624,18.5501,19.0715,22.4839,263.9898,253.9832,286.1265,257.4524,173.6298,191.9025,220.8894,271.8721,279.1544,231.7891,103.5668,52.8468
F:\projects\DP_Clinical_strains\DP Clinical Isolates results-20220505T053100Z-001\ DP Clinical Isolates results\ELI 17 R1_E. coli_E. coli__3_37_SBR_709_4#26#2022_A_24A_34.OKA,4/26/2022 2:33:07 PM,24-A,PM03B,ELI 17,"44    IF0a+Sodium Succinate/Ferric Citrate
45    IF0a+Sodium Succinate/Ferric Citrate
46    IF0a+Sodium Succinate/Ferric Citrate
47    IF0a+Sodium Succinate/Ferric Citrate
Name: Condition (Medium), dtype: object",E. coli,R1,16.25,22.1323,203.7226,11.0,11.0,11.0,11.0,191.3672,11.8827,18.4639,11.0,19.6525,16.6932,226.9456,157.7506,11.0,11.0,11.0,11.0,11.0,13.3797,195.2595,267.8425,152.7084,18.1405,13.9588,11.0,209.0262,20.8558,11.0,11.0,75.884,242.2449,15.8124,23.3756,14.7652,22.729,11.3773,11.0,13.7687,11.0,11.0,11.8169,11.0,13.0762,16.4812,20.2419,14.7084,32.0069,23.6622,12.6268,17.9007,11.0,13.0846,166.0144,11.5102,243.1295,109.9011,65.991,261.1737,267.3112,66.3185,17.4037,277.3375,280.7437,18.1568,101.2598,57.9981,18.5701,19.3661,15.877,26.5983,19.1277,14.2573,24.0452,18.719,30.444,21.0844,18.8686,14.6165,18.446,16.37,17.6351,20.2734,22.9474,264.4272,257.3183,284.2214,259.9159,176.1831,191.2341,222.2545,272.808,278.8887,233.013,109.1045,55.1387
F:\projects\DP_Clinical_strains\DP Clinical Isolates results-20220505T053100Z-001\ DP Clinical Isolates results\ELI 17 R1_E. coli_E. coli__3_37_SBR_709_4#26#2022_A_24A_34.OKA,4/26/2022 2:33:07 PM,24-A,PM03B,ELI 17,"44    IF0a+Sodium Succinate/Ferric Citrate
45    IF0a+Sodium Succinate/Ferric Citrate
46    IF0a+Sodium Succinate/Ferric Citrate
47    IF0a+Sodium Succinate/Ferric Citrate
Name: Condition (Medium), dtype: object",E. coli,R1,16.5,20.7179,213.9822,11.0,11.0,11.0,11.0,192.883,11.6927,19.339,11.0,18.733,21.2406,235.4379,157.5799,11.0,11.0,11.0,11.0,11.0,11.6316,197.0934,265.9116,147.977,23.6021,18.7815,11.0,215.4709,24.5901,11.0,11.0,80.2771,242.6191,14.6968,21.2272,15.1895,30.0818,19.1071,11.0,12.3514,11.0,11.0,11.0,13.6977,18.6728,17.5926,26.221,18.8674,30.9271,23.2205,11.7049,12.7826,13.8216,12.7951,168.3107,19.3259,245.3195,117.4614,72.806,265.6857,265.8682,65.386,14.0514,275.7494,281.7615,17.5515,100.3911,60.1974,15.0482,18.79,14.4522,26.1529,22.423,16.8172,29.024,14.8011,33.0029,26.2821,22.2621,15.1448,15.2815,17.2298,17.2961,20.8343,25.6929,268.7635,259.3507,287.2236,260.1985,178.1451,196.4593,227.7581,274.2342,279.1116,240.4749,113.2738,59.4756
F:\projects\DP_Clinical_strains\DP Clinical Isolates results-20220505T053100Z-001\ DP Clinical Isolates results\ELI 17 R1_E. coli_E. coli__3_37_SBR_709_4#26#2022_A_24A_34.OKA,4/26/2022 2:33:07 PM,24-A,PM03B,ELI 17,"44    IF0a+Sodium Succinate/Ferric Citrate
45    IF0a+Sodium Succinate/Ferric Citrate
46    IF0a+Sodium Succinate/Ferric Citrate
47    IF0a+Sodium Succinate/Ferric Citrate
Name: Condition (Medium), dtype: object",E. coli,R1,16.75,19.5946,212.2975,11.0,11.0,11.0,11.0,203.8102,16.3105,23.5365,14.2166,19.3622,20.2704,241.1523,164.1109,11.0,11.0,11.0,11.0,11.0,14.3663,201.8989,268.9984,147.4077,19.5496,20.3279,11.0,215.7631,25.3255,11.0,11.4391,84.2229,243.4097,18.5792,22.5061,19.4545,24.6997,16.3571,12.6092,15.6873,11.0,11.0,12.5063,11.0,15.6631,17.1375,23.4838,18.0377,30.8062,25.2011,13.6323,17.2514,11.2876,16.4572,171.696,18.1098,248.1443,120.1385,73.1779,265.9113,268.7284,73.3375,16.6701,282.1032,280.0471,21.65,104.2169,59.5402,17.1779,16.4329,18.1635,28.0499,24.0609,18.3927,26.2463,20.6502,36.3712,24.089,16.7236,17.8829,21.337,13.2511,13.4358,22.0445,20.1568,274.9716,266.1113,287.6982,263.322,185.3783,202.3366,228.839,275.1411,283.9669,245.3243,118.0361,58.8909
F:\projects\DP_Clinical_strains\DP Clinical Isolates results-20220505T053100Z-001\ DP Clinical Isolates results\ELI 17 R1_E. coli_E. coli__3_37_SBR_709_4#26#2022_A_24A_34.OKA,4/26/2022 2:33:07 PM,24-A,PM03B,ELI 17,"44    IF0a+Sodium Succinate/Ferric Citrate
45    IF0a+Sodium Succinate/Ferric Citrate
46    IF0a+Sodium Succinate/Ferric Citrate
47    IF0a+Sodium Succinate/Ferric Citrate
Name: Condition (Medium), dtype: object",E. coli,R1,17.0,24.2386,216.9934,11.0,11.0,11.0,11.0,200.6528,18.7011,28.1085,14.1902,20.3222,19.0685,245.2752,168.15,11.0,11.0,11.0,11.0,11.0,14.8184,197.7607,268.0646,145.4109,17.3647,21.3283,11.0,216.5044,25.1888,11.0,11.0,87.136,245.3202,14.2544,21.568,15.7201,28.8251,14.1903,12.3868,16.7331,11.0,11.0,11.0,12.7868,13.33,17.9523,24.0208,17.8257,26.8045,26.1417,11.0,18.4567,11.9629,15.4511,172.7559,18.308,249.3331,122.3492,76.9995,266.8258,264.6174,77.7079,16.3935,279.2703,279.3141,22.7586,104.0208,64.4872,18.6899,20.0412,17.5296,29.1805,19.2299,16.7288,29.3046,20.2264,39.553,29.3095,17.9677,15.9445,21.1404,16.9409,16.0877,17.7133,22.1088,271.7868,269.5726,287.5352,268.7303,187.4581,207.1288,229.7824,275.7716,282.2752,242.6477,119.4111,62.3955
F:\projects\DP_Clinical_strains\DP Clinical Isolates results-20220505T053100Z-001\ DP Clinical Isolates results\ELI 17 R1_E. coli_E. coli__3_37_SBR_709_4#26#2022_A_24A_34.OKA,4/26/2022 2:33:07 PM,24-A,PM03B,ELI 17,"44    IF0a+Sodium Succinate/Ferric Citrate
45    IF0a+Sodium Succinate/Ferric Citrate
46    IF0a+Sodium Succinate/Ferric Citrate
47    IF0a+Sodium Succinate/Ferric Citrate
Name: Condition (Medium), dtype: object",E. coli,R1,17.25,19.3196,222.2417,11.0,11.0,11.0,11.0,206.0804,16.6156,35.2848,19.2013,16.1171,19.1766,247.3164,170.5012,11.0,11.0,11.0,11.0,11.0,14.0333,203.0879,271.7624,149.0461,21.7955,22.4806,11.0,214.1683,30.9401,11.0,11.0,92.0557,243.5708,18.0131,23.6606,19.337,27.1749,16.0767,13.0928,14.3635,11.0,11.0,11.8802,12.4716,11.3461,18.4293,21.0743,14.7004,29.5823,24.8369,11.0,20.2398,13.9167,13.4671,178.247,12.8471,252.5096,127.9259,74.8427,263.6363,271.8438,82.3651,17.2575,278.975,282.3615,24.4529,103.7808,64.2256,18.9032,17.753,19.0416,23.7039,21.3163,18.2868,28.3859,22.5189,39.0391,22.761,20.7368,13.3991,15.6837,17.4535,17.1505,19.9096,24.5515,271.595,273.056,289.4517,268.3553,191.2359,201.9723,226.7878,274.3465,281.646,241.9811,125.7934,67.5828
F:\projects\DP_Clinical_strains\DP Clinical Isolates results-20220505T053100Z-001\ DP Clinical Isolates results\ELI 17 R1_E. coli_E. coli__3_37_SBR_709_4#26#2022_A_24A_34.OKA,4/26/2022 2:33:07 PM,24-A,PM03B,ELI 17,"44    IF0a+Sodium Succinate/Ferric Citrate
45    IF0a+Sodium Succinate/Ferric Citrate
46    IF0a+Sodium Succinate/Ferric Citrate
47    IF0a+Sodium Succinate/Ferric Citrate
Name: Condition (Medium), dtype: object",E. coli,R1,17.5,19.693,222.4569,11.0,11.0,11.0,11.1913,210.0269,21.6688,39.327,17.4795,15.2993,19.3986,247.3254,174.0219,11.0,11.0,11.0,11.0,11.0,17.5096,202.7571,275.4549,146.9686,21.9601,18.8838,11.0,224.7736,32.7303,11.0,11.0,91.751,242.5958,13.9705,23.4108,15.5446,25.1049,19.8191,11.0,14.5804,11.0,11.0,13.3498,11.0,15.3163,16.9669,23.1125,15.4321,31.0394,24.5,11.0,20.4148,11.0,12.4845,180.6283,18.4812,254.2578,129.5625,78.9386,266.2837,269.3216,83.4305,21.1348,279.2959,280.9041,26.6746,107.2691,60.7979,16.8015,16.1243,20.9022,24.3905,19.9005,18.1688,39.8224,23.1252,41.7045,21.9505,20.9521,19.1392,15.4543,19.1841,16.4956,18.0931,26.5121,279.6745,283.1479,293.9591,274.983,191.184,208.9777,230.4951,275.5543,284.4732,248.8687,126.7101,71.3613
F:\projects\DP_Clinical_strains\DP Clinical Isolates results-20220505T053100Z-001\ DP Clinical Isolates results\ELI 17 R1_E. coli_E. coli__3_37_SBR_709_4#26#2022_A_24A_34.OKA,4/26/2022 2:33:07 PM,24-A,PM03B,ELI 17,"44    IF0a+Sodium Succinate/Ferric Citrate
45    IF0a+Sodium Succinate/Ferric Citrate
46    IF0a+Sodium Succinate/Ferric Citrate
47    IF0a+Sodium Succinate/Ferric Citrate
Name: Condition (Medium), dtype: object",E. coli,R1,17.75,18.6556,223.1335,11.0,11.0,11.0,11.0,217.3178,16.3519,40.4063,27.1573,15.8003,15.5946,258.5965,178.5804,11.0,11.0,11.0,11.0,11.0,17.1381,212.3408,276.3123,149.0118,18.6632,22.0109,11.0,228.7611,37.2361,11.0,11.4392,98.613,254.6348,19.7729,28.4748,18.0005,26.4669,15.8591,11.0,18.0001,11.0,12.1185,13.3597,11.0,17.7749,19.3684,26.9808,18.6336,27.0582,24.6763,12.3022,15.5885,14.389,15.5246,185.7121,15.6815,254.5397,141.798,82.2773,270.474,264.0613,87.9128,22.4617,279.4446,282.9289,26.6245,100.4432,64.3579,19.2391,23.9922,20.8703,28.1463,23.085,22.0941,44.7839,23.4102,43.6124,20.365,21.1568,14.371,19.8186,19.1626,18.9064,23.0021,24.4214,283.2527,286.5759,296.2694,270.557,191.4344,224.6036,241.7581,281.2784,287.0134,257.1522,119.2659,72.9366
F:\projects\DP_Clinical_strains\DP Clinical Isolates results-20220505T053100Z-001\ DP Clinical Isolates results\ELI 17 R1_E. coli_E. coli__3_37_SBR_709_4#26#2022_A_24A_34.OKA,4/26/2022 2:33:07 PM,24-A,PM03B,ELI 17,"44    IF0a+Sodium Succinate/Ferric Citrate
45    IF0a+Sodium Succinate/Ferric Citrate
46    IF0a+Sodium Succinate/Ferric Citrate
47    IF0a+Sodium Succinate/Ferric Citrate
Name: Condition (Medium), dtype: object",E. coli,R1,18.0,15.9024,224.7224,11.0,11.0,11.0,11.0,220.6539,23.3329,42.4992,25.2412,15.3123,18.7284,265.278,182.8801,11.0,11.0,11.0,11.0,11.0,16.8219,215.3869,279.0857,153.5232,17.936,23.6596,11.0,229.0294,39.5154,11.3549,11.0,102.4801,255.3594,15.8803,26.477,17.0885,24.076,17.5947,11.0,17.3611,11.0,11.0,16.7872,14.0885,17.9024,15.9305,25.3915,19.4317,28.3004,23.9723,11.0,22.2959,14.9489,15.6391,191.8357,19.0004,257.2957,145.0481,84.3066,269.8151,269.8685,91.9539,19.0189,283.1642,286.5321,31.2694,102.4313,69.751,16.0413,20.9708,19.0502,24.4569,23.1013,20.7455,48.3317,25.777,45.8741,25.5693,22.2274,17.3649,21.0143,20.031,20.8913,25.9163,24.4844,288.8491,289.7613,298.3969,273.7692,190.2639,227.0813,241.2083,284.0807,288.1711,257.8348,121.5013,75.0105
F:\projects\DP_Clinical_strains\DP Clinical Isolates results-20220505T053100Z-001\ DP Clinical Isolates results\ELI 17 R1_E. coli_E. coli__3_37_SBR_709_4#26#2022_A_24A_34.OKA,4/26/2022 2:33:07 PM,24-A,PM03B,ELI 17,"44    IF0a+Sodium Succinate/Ferric Citrate
45    IF0a+Sodium Succinate/Ferric Citrate
46    IF0a+Sodium Succinate/Ferric Citrate
47    IF0a+Sodium Succinate/Ferric Citrate
Name: Condition (Medium), dtype: object",E. coli,R1,18.25,23.0029,228.4529,11.0,11.0,11.0,11.0,224.9195,24.1515,49.9308,30.3603,18.6839,17.9046,266.5767,182.903,11.0,11.0,11.0,11.0,11.0,15.43,218.1527,281.4689,157.3398,19.6628,22.3722,11.0,233.053,49.3751,11.0,11.0,104.514,259.9647,20.6906,27.1869,17.8063,31.0315,17.6396,11.0,16.5847,11.0,11.1603,12.0401,14.8028,18.1231,21.2488,28.3096,16.3988,26.278,27.9146,12.0448,20.5834,15.0779,17.9119,191.162,14.7529,255.2776,147.5499,88.4945,267.0603,266.3523,97.2242,21.4171,285.5804,284.9454,32.0101,101.977,70.074,18.4266,20.9292,22.7101,26.9963,21.722,21.8222,54.0429,26.944,53.4098,23.9689,20.0529,17.9166,21.4271,18.9833,23.4384,23.5661,26.2604,292.1954,291.2331,295.8109,274.2007,197.4421,228.2541,243.6086,282.7303,286.7868,263.3079,129.097,81.5502
F:\projects\DP_Clinical_strains\DP Clinical Isolates results-20220505T053100Z-001\ DP Clinical Isolates results\ELI 17 R1_E. coli_E. coli__3_37_SBR_709_4#26#2022_A_24A_34.OKA,4/26/2022 2:33:07 PM,24-A,PM03B,ELI 17,"44    IF0a+Sodium Succinate/Ferric Citrate
45    IF0a+Sodium Succinate/Ferric Citrate
46    IF0a+Sodium Succinate/Ferric Citrate
47    IF0a+Sodium Succinate/Ferric Citrate
Name: Condition (Medium), dtype: object",E. coli,R1,18.5,21.2197,232.5952,11.0,11.0,11.0,11.6066,228.5169,33.2444,53.5478,37.7356,18.4259,17.8722,260.0113,182.1113,11.0,11.0,12.9167,11.0,11.0,15.1183,214.8726,280.1656,155.2434,19.4877,21.0211,11.0,231.9726,42.243,11.0,11.0,104.8105,251.6003,16.0253,24.5157,17.8422,29.7346,18.7947,11.0,15.2349,11.0,11.0,13.703,12.5599,17.0584,20.6704,22.9586,19.8694,29.2736,27.0129,11.0,16.869,15.3995,15.7373,193.3094,15.6598,256.3641,153.5512,95.3935,266.019,273.2427,99.0019,17.1834,283.5074,285.6994,35.2821,106.4612,71.5231,16.7038,17.9371,20.1548,23.5249,24.4294,18.505,64.9683,25.5408,46.8741,23.0337,18.5155,15.0338,17.3756,20.4501,19.5712,19.8487,23.2247,284.0847,288.5617,292.6022,281.2241,198.982,222.169,245.7252,281.9929,285.8569,262.4578,143.088,88.6498
F:\projects\DP_Clinical_strains\DP Clinical Isolates results-20220505T053100Z-001\ DP Clinical Isolates results\ELI 17 R1_E. coli_E. coli__3_37_SBR_709_4#26#2022_A_24A_34.OKA,4/26/2022 2:33:07 PM,24-A,PM03B,ELI 17,"44    IF0a+Sodium Succinate/Ferric Citrate
45    IF0a+Sodium Succinate/Ferric Citrate
46    IF0a+Sodium Succinate/Ferric Citrate
47    IF0a+Sodium Succinate/Ferric Citrate
Name: Condition (Medium), dtype: object",E. coli,R1,18.75,25.54,234.4722,11.0,13.0706,11.0,11.0,236.2786,32.0427,62.4404,46.1643,16.3603,26.5905,254.2007,181.72,11.0,11.0,11.0,11.0,11.0,17.9533,212.9705,281.6665,189.881,25.7495,16.8319,11.0,232.5208,45.6603,11.0,11.0,104.4171,249.7865,18.0723,24.0838,19.138,33.1335,13.0666,16.1515,12.5028,11.0,11.0,11.0,11.0,14.5879,16.6843,23.9092,19.9871,35.0537,23.5645,11.0,18.7736,12.1214,13.9765,193.8463,12.5678,254.8602,154.8631,95.9293,259.6515,285.6057,100.7212,15.7785,276.0754,280.9742,36.0516,108.0788,68.4748,21.587,18.8587,22.1109,28.8627,34.7929,16.4573,73.1161,21.0756,45.2474,17.4159,18.0661,15.4693,23.6324,20.6045,16.3969,22.0182,32.8629,261.5847,271.9225,288.9841,282.534,209.03,205.333,237.7876,272.0226,268.1147,244.5945,176.3373,159.6924
F:\projects\DP_Clinical_strains\DP Clinical Isolates results-20220505T053100Z-001\ DP Clinical Isolates results\ELI 17 R1_E. coli_E. coli__3_37_SBR_709_4#26#2022_A_24A_34.OKA,4/26/2022 2:33:07 PM,24-A,PM03B,ELI 17,"44    IF0a+Sodium Succinate/Ferric Citrate
45    IF0a+Sodium Succinate/Ferric Citrate
46    IF0a+Sodium Succinate/Ferric Citrate
47    IF0a+Sodium Succinate/Ferric Citrate
Name: Condition (Medium), dtype: object",E. coli,R1,19.0,21.8672,238.7877,11.0,11.0,11.0,11.0,243.3603,41.5013,61.8908,43.3583,20.1233,20.3902,270.7066,189.8175,11.0,11.0,12.633,11.0,11.0,18.327,227.9536,281.9379,165.3517,17.7504,23.6501,11.0,242.361,60.8228,11.0321,11.0,110.5821,259.4812,20.2905,29.8179,18.9266,31.9052,17.8488,14.3434,18.1236,11.6355,15.5723,12.2925,15.4165,19.6651,21.6563,27.7333,25.3266,30.4412,26.5488,12.1766,21.125,18.6161,16.2966,199.9622,19.6696,261.9131,162.369,98.7488,272.733,276.5117,106.864,19.5981,287.7493,287.9995,41.9199,107.0839,76.036,19.6243,19.2439,22.6197,28.3105,24.1889,18.9267,78.5328,26.8836,56.7882,26.1426,21.7714,18.8076,22.7325,18.1009,24.9597,24.4294,26.4058,287.9429,291.2871,295.5753,285.6491,203.1536,234.7421,256.9671,285.4464,287.8644,269.6815,139.6176,106.0167
F:\projects\DP_Clinical_strains\DP Clinical Isolates results-20220505T053100Z-001\ DP Clinical Isolates results\ELI 17 R1_E. coli_E. coli__3_37_SBR_709_4#26#2022_A_24A_34.OKA,4/26/2022 2:33:07 PM,24-A,PM03B,ELI 17,"44    IF0a+Sodium Succinate/Ferric Citrate
45    IF0a+Sodium Succinate/Ferric Citrate
46    IF0a+Sodium Succinate/Ferric Citrate
47    IF0a+Sodium Succinate/Ferric Citrate
Name: Condition (Medium), dtype: object",E. coli,R1,19.25,21.2328,239.1416,11.0,11.4076,11.0,11.0,244.2402,43.7601,69.8422,52.857,17.8731,21.6181,279.9165,195.4286,11.0,11.0,11.0,11.0,11.0,20.5217,226.1667,284.1939,163.3852,18.5227,22.5935,11.0,240.9621,59.3873,11.3853,11.0,109.0277,264.0716,18.6163,27.0568,16.7386,32.2607,17.8971,17.2963,19.5969,12.1761,13.4919,15.6185,16.9828,19.4177,22.087,26.8077,20.1617,32.4482,25.5979,11.2234,22.8332,16.2524,19.6491,198.2951,18.3281,260.2481,164.8351,101.6444,273.1938,273.9463,104.2654,23.8624,285.2324,284.6791,47.2122,107.8973,76.2422,21.8145,19.8227,19.2419,28.4606,24.5743,19.4874,82.7883,25.876,51.1759,24.0798,21.7517,15.7427,20.9477,18.9688,25.0028,26.2319,22.5023,287.7993,291.653,297.7937,285.5876,208.6956,240.6247,260.8121,286.0551,285.9524,272.3934,143.8552,125.3367
F:\projects\DP_Clinical_strains\DP Clinical Isolates results-20220505T053100Z-001\ DP Clinical Isolates results\ELI 17 R1_E. coli_E. coli__3_37_SBR_709_4#26#2022_A_24A_34.OKA,4/26/2022 2:33:07 PM,24-A,PM03B,ELI 17,"44    IF0a+Sodium Succinate/Ferric Citrate
45    IF0a+Sodium Succinate/Ferric Citrate
46    IF0a+Sodium Succinate/Ferric Citrate
47    IF0a+Sodium Succinate/Ferric Citrate
Name: Condition (Medium), dtype: object",E. coli,R1,19.5,19.7883,244.0482,11.0,11.0,11.3823,11.0,246.5937,52.046,73.608,55.6661,19.2139,21.5331,286.8975,198.6591,11.0,12.2372,11.0,11.0,11.0,19.2631,227.1657,282.8922,160.0341,22.8575,25.1341,11.0,242.9005,63.0731,11.2582,11.0,113.1404,264.4988,19.0871,30.9313,16.4491,29.0556,18.0222,14.9686,18.4164,11.0,13.6097,18.7148,14.6161,19.9817,18.1592,27.5869,19.0056,30.9681,26.4233,11.0,22.9234,17.1538,17.2923,204.3991,17.3347,261.0685,169.9915,107.2688,273.2792,278.0595,114.2725,22.8877,284.4731,286.2207,53.1939,106.3319,78.2989,19.5203,21.9779,23.8547,30.0773,22.4565,23.8712,81.2662,29.0532,57.5393,31.0534,25.8293,12.3914,26.1581,18.8555,23.8866,23.2314,25.9355,290.5808,295.8719,294.0113,285.2215,211.3689,247.7862,259.5334,284.0219,285.5279,277.2772,152.1177,140.4566
F:\projects\DP_Clinical_strains\DP Clinical Isolates results-20220505T053100Z-001\ DP Clinical Isolates results\ELI 17 R1_E. coli_E. coli__3_37_SBR_709_4#26#2022_A_24A_34.OKA,4/26/2022 2:33:07 PM,24-A,PM03B,ELI 17,"44    IF0a+Sodium Succinate/Ferric Citrate
45    IF0a+Sodium Succinate/Ferric Citrate
46    IF0a+Sodium Succinate/Ferric Citrate
47    IF0a+Sodium Succinate/Ferric Citrate
Name: Condition (Medium), dtype: object",E. coli,R1,19.75,24.5832,246.274,11.0,11.3452,11.0,12.6062,251.2865,56.049,76.3895,56.7712,22.0564,24.0844,285.9744,199.4586,11.0,11.0,11.064,11.0,11.0,19.2533,226.1943,285.7828,163.8629,19.3508,24.503,11.0,245.2837,67.4513,11.5159,11.0,111.4609,265.0982,22.7194,32.4161,16.168,28.6656,17.6416,12.2557,15.7696,12.4327,11.8696,14.4854,14.5422,19.1719,21.4567,28.2036,22.2826,30.8262,27.075,11.0,22.6302,14.0779,19.4024,207.4402,19.4237,264.1995,172.9826,108.31,274.7488,279.5825,119.4461,19.2487,284.0055,287.4031,52.5477,106.1277,77.7939,23.344,20.4626,19.4725,25.3876,23.2973,19.8654,88.9954,31.3213,60.6749,25.8186,21.3005,17.0078,26.9315,19.9629,27.8106,26.4284,25.0318,291.3859,294.7126,298.6534,287.3897,213.0699,254.1415,256.5613,282.7261,289.0138,278.4921,155.3929,145.4757
F:\projects\DP_Clinical_strains\DP Clinical Isolates results-20220505T053100Z-001\ DP Clinical Isolates results\ELI 17 R1_E. coli_E. coli__3_37_SBR_709_4#26#2022_A_24A_34.OKA,4/26/2022 2:33:07 PM,24-A,PM03B,ELI 17,"44    IF0a+Sodium Succinate/Ferric Citrate
45    IF0a+Sodium Succinate/Ferric Citrate
46    IF0a+Sodium Succinate/Ferric Citrate
47    IF0a+Sodium Succinate/Ferric Citrate
Name: Condition (Medium), dtype: object",E. coli,R1,20.0,22.9705,249.1768,11.0,12.1622,13.0656,12.5791,254.0938,66.6075,80.5975,63.4691,20.2567,24.2774,285.8585,201.5954,11.0,11.0,11.5121,11.0,11.0,27.0525,227.4428,286.8639,160.3783,18.8977,22.9194,11.0,245.4355,70.4994,14.8262,11.0,112.7924,261.57,24.524,33.0647,15.7236,33.6646,20.7959,13.0882,18.9004,11.0,11.3857,14.1686,14.5722,21.2671,19.0349,23.4246,22.6603,28.9777,28.3559,11.0,21.0168,18.015,17.5492,206.6369,17.3466,260.8423,180.3567,108.1117,273.826,280.7842,121.2723,21.2119,287.1033,289.5449,55.6146,111.72,75.8615,23.5337,20.5163,20.465,23.5194,20.8273,17.4692,92.3066,30.6194,57.3684,24.598,22.8769,19.3163,23.2871,23.1201,24.5642,20.184,26.213,291.8224,292.8356,295.5646,290.8719,219.4101,252.8154,260.1034,284.8384,286.3329,281.6034,164.4242,159.4878
F:\projects\DP_Clinical_strains\DP Clinical Isolates results-20220505T053100Z-001\ DP Clinical Isolates results\ELI 17 R1_E. coli_E. coli__3_37_SBR_709_4#26#2022_A_24A_34.OKA,4/26/2022 2:33:07 PM,24-A,PM03B,ELI 17,"44    IF0a+Sodium Succinate/Ferric Citrate
45    IF0a+Sodium Succinate/Ferric Citrate
46    IF0a+Sodium Succinate/Ferric Citrate
47    IF0a+Sodium Succinate/Ferric Citrate
Name: Condition (Medium), dtype: object",E. coli,R1,20.25,24.867,246.583,11.0,12.5319,11.0,19.3396,251.3424,62.1387,88.2151,68.8061,21.2956,25.3618,282.9485,204.4739,11.0,11.0,11.0,11.0,11.0,24.8433,224.2907,283.466,165.883,20.7926,27.5678,11.0,245.2547,76.6036,11.0,11.0,113.3955,261.8607,23.0621,31.5589,13.3178,33.092,20.1308,13.9321,18.1597,11.319,11.0,12.7337,14.8334,22.8497,23.9269,27.4701,18.7267,33.3974,24.1744,11.0,20.174,17.6277,23.2309,206.9846,19.8734,262.3603,183.077,111.3592,267.3708,282.837,121.7065,19.7544,281.2855,288.2876,60.9852,108.9048,80.8324,20.7672,22.3673,22.8549,29.7756,20.8292,19.5296,94.3276,26.5901,60.5654,25.6924,22.0682,16.1806,21.909,23.5976,23.1723,18.6261,27.5313,289.2711,290.0667,298.2011,294.1539,226.4411,249.0156,260.5814,284.8645,288.0725,280.3301,178.1762,163.8503
F:\projects\DP_Clinical_strains\DP Clinical Isolates results-20220505T053100Z-001\ DP Clinical Isolates results\ELI 17 R1_E. coli_E. coli__3_37_SBR_709_4#26#2022_A_24A_34.OKA,4/26/2022 2:33:07 PM,24-A,PM03B,ELI 17,"44    IF0a+Sodium Succinate/Ferric Citrate
45    IF0a+Sodium Succinate/Ferric Citrate
46    IF0a+Sodium Succinate/Ferric Citrate
47    IF0a+Sodium Succinate/Ferric Citrate
Name: Condition (Medium), dtype: object",E. coli,R1,20.5,25.2421,253.0108,11.0,13.1832,11.0,18.4798,256.7908,70.8251,86.5258,73.6132,19.5175,23.2749,283.8816,208.7374,11.0,11.0,11.0,11.0,11.0,28.4804,227.513,287.3653,169.7712,20.3128,23.8101,11.0,247.6986,76.9592,11.0,11.0,113.1426,265.9687,19.8863,33.7023,17.1209,31.9735,18.049,11.0,17.023,11.0,15.3387,16.2099,14.3119,24.3991,21.324,27.3998,22.6512,28.9612,22.3761,13.3757,17.8978,14.4802,17.8696,207.9627,19.0434,259.6716,183.8547,112.5521,268.8327,286.0313,124.569,22.2452,282.8855,289.2081,68.7682,113.8524,80.6066,22.1059,18.4761,20.6562,26.7834,23.706,19.8391,96.3054,30.1117,66.5697,30.1495,24.2149,16.3773,22.9786,18.9618,20.4711,21.512,25.3953,291.2974,293.7124,299.9803,292.4853,232.7993,249.9994,266.6648,284.1656,283.0583,281.103,183.094,172.8559
F:\projects\DP_Clinical_strains\DP Clinical Isolates results-20220505T053100Z-001\ DP Clinical Isolates results\ELI 17 R1_E. coli_E. coli__3_37_SBR_709_4#26#2022_A_24A_34.OKA,4/26/2022 2:33:07 PM,24-A,PM03B,ELI 17,"44    IF0a+Sodium Succinate/Ferric Citrate
45    IF0a+Sodium Succinate/Ferric Citrate
46    IF0a+Sodium Succinate/Ferric Citrate
47    IF0a+Sodium Succinate/Ferric Citrate
Name: Condition (Medium), dtype: object",E. coli,R1,20.75,27.8307,254.3223,11.0,12.037,11.0,23.7586,255.3106,73.5407,97.6755,76.3331,19.6938,30.2338,283.136,207.3091,11.0,11.0621,11.0,11.0,11.0,30.1538,226.3236,283.2253,176.7591,22.4511,24.3253,11.0,246.1528,81.203,11.0,11.0,116.4318,260.6246,18.3102,32.6466,16.7403,31.0953,17.7213,13.5117,19.9837,11.0,12.9548,12.9204,12.717,22.4406,20.4597,28.0181,19.1976,31.0669,23.9483,12.1083,20.0565,19.3446,21.5976,210.5551,15.7807,260.9721,185.5072,118.0116,269.2812,287.1623,122.8536,19.7039,278.779,288.4628,69.1563,109.6796,83.6493,21.0341,17.2537,21.2379,31.7287,21.8185,20.0103,103.9952,31.4977,67.9611,26.3414,19.2225,15.1828,20.9432,19.1419,22.2632,23.4071,23.6369,285.6672,290.2792,298.2791,291.9907,236.3229,244.1792,266.6471,279.9172,284.5334,280.5776,196.9923,185.6436
F:\projects\DP_Clinical_strains\DP Clinical Isolates results-20220505T053100Z-001\ DP Clinical Isolates results\ELI 17 R1_E. coli_E. coli__3_37_SBR_709_4#26#2022_A_24A_34.OKA,4/26/2022 2:33:07 PM,24-A,PM03B,ELI 17,"44    IF0a+Sodium Succinate/Ferric Citrate
45    IF0a+Sodium Succinate/Ferric Citrate
46    IF0a+Sodium Succinate/Ferric Citrate
47    IF0a+Sodium Succinate/Ferric Citrate
Name: Condition (Medium), dtype: object",E. coli,R1,21.0,25.3726,254.5624,11.0,12.816,11.0,28.4829,256.9125,71.4584,97.0691,83.0495,17.2435,26.323,282.0268,207.7252,11.0,11.0,11.0,11.0,11.0,35.0035,226.6824,283.6463,185.1306,19.8408,22.7672,11.0,245.4838,85.5387,11.0,11.0,114.8534,258.4259,20.9767,35.5808,13.9817,34.2009,14.4864,14.2346,19.4549,13.6336,14.562,15.5988,13.6342,25.1093,21.163,27.5316,19.3539,34.2458,24.1501,11.763,17.0808,13.7496,19.1532,208.4894,17.0991,260.0215,181.0126,119.3014,269.823,286.1875,122.9175,15.2054,277.1767,285.9905,69.3664,108.9157,82.4324,18.4623,16.0157,18.8662,31.0778,23.2028,15.1115,106.4528,30.8388,71.871,29.0138,21.234,16.9447,21.6898,20.0868,19.313,20.1451,27.6591,282.8904,291.855,298.9096,299.9975,238.5887,240.0464,268.5915,281.3339,282.8698,282.5932,208.9035,193.7222
F:\projects\DP_Clinical_strains\DP Clinical Isolates results-20220505T053100Z-001\ DP Clinical Isolates results\ELI 17 R1_E. coli_E. coli__3_37_SBR_709_4#26#2022_A_24A_34.OKA,4/26/2022 2:33:07 PM,24-A,PM03B,ELI 17,"44    IF0a+Sodium Succinate/Ferric Citrate
45    IF0a+Sodium Succinate/Ferric Citrate
46    IF0a+Sodium Succinate/Ferric Citrate
47    IF0a+Sodium Succinate/Ferric Citrate
Name: Condition (Medium), dtype: object",E. coli,R1,21.25,28.9456,256.8022,11.0,13.6031,11.0,34.3957,263.6992,79.6485,104.9733,87.1729,17.1758,24.4488,290.6143,212.6794,11.0,11.0,11.9259,11.0,11.0,34.7749,231.1163,283.2063,181.7609,16.5062,24.3691,11.0,247.0525,91.8635,11.225,11.0,119.1283,263.2801,22.4525,30.4399,15.9131,31.967,18.0995,14.6982,19.2939,11.0,11.0,13.9466,15.9111,24.826,17.5389,27.3499,20.4883,34.7399,22.5068,11.0,18.2034,17.9147,19.0844,207.293,15.9009,261.2617,179.7537,119.7194,268.4991,288.5466,126.81,18.55,280.0422,286.0493,75.5522,112.9564,82.0256,17.9152,19.0814,21.9462,26.392,27.9029,19.7089,113.8262,36.2097,67.0971,27.2455,23.6938,13.9212,22.8261,21.3361,19.0604,21.239,23.0894,286.5177,290.4654,296.3448,297.867,242.4876,248.6877,267.0569,282.6492,281.0416,281.7314,210.773,199.0068
F:\projects\DP_Clinical_strains\DP Clinical Isolates results-20220505T053100Z-001\ DP Clinical Isolates results\ELI 17 R1_E. coli_E. coli__3_37_SBR_709_4#26#2022_A_24A_34.OKA,4/26/2022 2:33:07 PM,24-A,PM03B,ELI 17,"44    IF0a+Sodium Succinate/Ferric Citrate
45    IF0a+Sodium Succinate/Ferric Citrate
46    IF0a+Sodium Succinate/Ferric Citrate
47    IF0a+Sodium Succinate/Ferric Citrate
Name: Condition (Medium), dtype: object",E. coli,R1,21.5,28.9303,262.1877,11.8059,11.0,13.6469,36.1516,266.9771,83.3265,115.1393,93.6043,18.7574,23.6508,291.0067,217.6164,11.0,11.0,11.0,11.0,11.0,37.7469,232.5556,283.3048,178.4547,22.8217,25.6541,11.0,251.1562,96.6967,11.0,11.0,121.6243,261.7585,19.2301,31.6566,13.9025,35.4611,13.8794,12.1626,18.1037,11.0,11.0,14.8936,13.941,31.3128,16.985,28.6358,16.3009,32.8866,25.2409,11.0,18.0906,15.7187,17.5928,212.7852,17.9943,260.8289,174.3527,121.4012,270.0782,289.0845,123.8896,15.4344,283.3474,288.0717,76.5777,105.6844,80.6774,16.1709,17.1333,20.0181,28.5592,22.9741,20.3708,110.8995,36.8404,68.2147,26.4948,17.4335,13.3674,23.1218,23.1136,18.6856,20.9815,25.5508,283.2586,292.1418,298.1738,297.9205,243.9639,250.956,270.6287,282.8279,283.9712,285.6124,221.452,199.444
F:\projects\DP_Clinical_strains\DP Clinical Isolates results-20220505T053100Z-001\ DP Clinical Isolates results\ELI 17 R1_E. coli_E. coli__3_37_SBR_709_4#26#2022_A_24A_34.OKA,4/26/2022 2:33:07 PM,24-A,PM03B,ELI 17,"44    IF0a+Sodium Succinate/Ferric Citrate
45    IF0a+Sodium Succinate/Ferric Citrate
46    IF0a+Sodium Succinate/Ferric Citrate
47    IF0a+Sodium Succinate/Ferric Citrate
Name: Condition (Medium), dtype: object",E. coli,R1,21.75,29.6078,265.8546,11.0,11.884,11.0,41.2326,266.1845,88.4269,113.4775,96.4804,23.8021,25.965,295.8501,221.0463,11.0,11.0,13.5938,15.9749,11.0,42.6466,234.522,289.086,185.8138,16.9846,28.4311,11.0,252.9722,102.0601,13.4971,11.0,124.7018,267.4893,19.9684,40.3827,11.2524,35.2194,16.9965,12.6523,16.9952,11.0,12.8045,12.4506,18.1764,36.7576,23.0862,28.2534,19.7803,34.6982,27.0377,11.0,20.0832,21.7441,16.204,218.1733,19.752,262.1105,173.5267,125.1557,275.2571,285.8497,134.211,21.1092,283.4626,291.0137,85.7552,114.8624,86.7314,19.7497,20.0083,20.702,30.7289,21.5907,19.1492,117.4796,44.5526,78.728,33.7167,25.0848,18.1798,23.6024,25.2033,21.9516,22.7597,27.5409,286.6185,295.0257,296.3704,295.112,247.7441,254.75,268.8168,284.9221,286.2111,284.1766,218.0596,193.3145
F:\projects\DP_Clinical_strains\DP Clinical Isolates results-20220505T053100Z-001\ DP Clinical Isolates results\ELI 17 R1_E. coli_E. coli__3_37_SBR_709_4#26#2022_A_24A_34.OKA,4/26/2022 2:33:07 PM,24-A,PM03B,ELI 17,"44    IF0a+Sodium Succinate/Ferric Citrate
45    IF0a+Sodium Succinate/Ferric Citrate
46    IF0a+Sodium Succinate/Ferric Citrate
47    IF0a+Sodium Succinate/Ferric Citrate
Name: Condition (Medium), dtype: object",E. coli,R1,22.0,34.986,266.9303,11.0,11.2827,11.0,44.9948,266.36,88.0745,119.5134,101.3442,16.0535,25.5462,296.4464,221.1919,11.0,11.0,11.0,15.6346,11.0,40.7484,235.6139,286.2408,184.8078,17.6798,26.4231,11.0,257.2245,105.5079,13.5818,11.0,123.0446,265.4391,20.3105,46.4929,11.4103,33.5262,17.0602,15.5367,16.8866,11.0,11.2579,11.5696,14.5706,36.958,20.0399,29.343,19.2235,33.0526,24.0803,13.6303,15.9302,16.9546,15.9315,214.7737,18.6166,260.901,173.7806,127.9607,271.3769,286.6663,134.226,21.7409,281.7802,290.7604,86.0853,114.8781,92.8476,14.7469,19.4096,22.0534,25.7124,24.35,20.4367,127.0748,42.0267,85.7409,25.3461,22.0545,12.334,21.4506,29.4671,17.4384,24.9634,22.5673,289.2784,293.7822,296.6896,295.8387,249.1764,254.3957,266.5989,282.0022,283.2016,287.862,229.3588,198.8432
F:\projects\DP_Clinical_strains\DP Clinical Isolates results-20220505T053100Z-001\ DP Clinical Isolates results\ELI 17 R1_E. coli_E. coli__3_37_SBR_709_4#26#2022_A_24A_34.OKA,4/26/2022 2:33:07 PM,24-A,PM03B,ELI 17,"44    IF0a+Sodium Succinate/Ferric Citrate
45    IF0a+Sodium Succinate/Ferric Citrate
46    IF0a+Sodium Succinate/Ferric Citrate
47    IF0a+Sodium Succinate/Ferric Citrate
Name: Condition (Medium), dtype: object",E. coli,R1,22.25,41.0275,266.1277,11.8724,13.4795,11.0,57.4944,271.3509,95.0504,119.8585,103.2421,19.8326,30.3474,298.8513,226.9101,11.0,11.0,15.1902,22.65,11.0,47.4214,238.1656,293.1641,191.7308,19.2327,28.069,11.0,260.3046,115.3537,11.0,11.0,129.1913,268.6234,24.0857,44.8202,17.2975,37.6318,19.6083,16.7828,19.522,11.0,13.6762,14.4111,15.2631,43.7189,21.2792,29.9637,23.0956,33.6749,26.59,12.8756,22.3663,21.8598,21.5515,224.1333,21.2082,266.5502,172.2708,130.1242,275.215,287.1965,142.4565,20.7621,283.8921,289.2177,91.9479,117.7324,92.4302,23.5235,18.3753,22.4537,29.9824,21.1183,22.5359,124.748,50.1922,88.576,34.1153,23.5343,13.4325,23.2494,36.147,19.4446,24.8006,23.4085,294.6204,295.2014,299.0434,299.6091,249.6604,260.6711,271.7178,283.0326,283.9582,288.6958,227.4466,200.3868
F:\projects\DP_Clinical_strains\DP Clinical Isolates results-20220505T053100Z-001\ DP Clinical Isolates results\ELI 17 R1_E. coli_E. coli__3_37_SBR_709_4#26#2022_A_24A_34.OKA,4/26/2022 2:33:07 PM,24-A,PM03B,ELI 17,"44    IF0a+Sodium Succinate/Ferric Citrate
45    IF0a+Sodium Succinate/Ferric Citrate
46    IF0a+Sodium Succinate/Ferric Citrate
47    IF0a+Sodium Succinate/Ferric Citrate
Name: Condition (Medium), dtype: object",E. coli,R1,22.5,38.9005,270.6763,11.0,11.0,11.0,52.9833,275.5551,100.0375,119.9472,100.1445,18.244,33.2242,300.7713,228.2488,11.0,11.0,12.5423,28.8978,11.0,49.5396,241.1832,293.365,195.5498,18.8908,26.685,11.0,262.3117,121.519,11.78,11.0,134.5773,274.7434,24.8868,51.8942,17.133,37.5644,17.3358,12.5424,19.5524,11.0,14.1205,13.6855,20.6423,49.1358,21.0823,31.1312,20.8986,28.9249,27.7006,13.3215,19.225,23.8284,21.8024,225.3699,20.6584,267.5613,169.787,131.9315,277.7291,285.3063,146.9662,20.6511,285.4992,291.8785,94.6272,117.0974,92.979,19.98,20.2996,23.323,23.6119,20.169,20.4557,125.4847,50.2092,84.9187,36.121,27.0243,15.5493,23.9484,41.1075,19.0996,26.0081,23.1873,294.4395,298.1604,301.5185,295.7306,248.1989,264.4449,276.7064,290.7712,288.7322,291.7209,224.0406,201.8879
F:\projects\DP_Clinical_strains\DP Clinical Isolates results-20220505T053100Z-001\ DP Clinical Isolates results\ELI 17 R1_E. coli_E. coli__3_37_SBR_709_4#26#2022_A_24A_34.OKA,4/26/2022 2:33:07 PM,24-A,PM03B,ELI 17,"44    IF0a+Sodium Succinate/Ferric Citrate
45    IF0a+Sodium Succinate/Ferric Citrate
46    IF0a+Sodium Succinate/Ferric Citrate
47    IF0a+Sodium Succinate/Ferric Citrate
Name: Condition (Medium), dtype: object",E. coli,R1,22.75,46.035,272.8838,11.1562,12.0693,11.0,59.3042,281.8963,98.7635,123.8676,103.0887,20.0492,43.7869,303.8532,234.7857,11.0,11.0,11.0,34.9795,11.0,55.1288,247.4163,293.0575,196.6876,18.0864,25.1331,11.0,262.3277,126.5682,12.099,11.0,134.5258,278.5589,24.3455,57.5627,15.9028,38.0539,17.332,11.809,19.4825,12.536,11.0,15.5109,18.1145,52.9059,25.1866,30.7562,22.105,31.2751,21.495,11.0,19.1482,23.5565,21.0629,230.576,25.2422,268.3657,167.4177,134.9998,281.1732,286.9194,153.6996,18.7156,290.9733,288.1357,95.1871,111.798,96.8123,22.1581,17.5845,21.8843,20.6332,19.6774,19.8027,130.7479,58.2622,86.8452,42.5002,28.3582,14.5987,25.4692,47.9844,23.1818,23.0451,23.3903,296.9438,299.5466,302.4723,300.2164,250.8053,269.5847,277.0844,292.0269,287.0996,295.3731,226.1517,200.8206
F:\projects\DP_Clinical_strains\DP Clinical Isolates results-20220505T053100Z-001\ DP Clinical Isolates results\ELI 17 R1_E. coli_E. coli__3_37_SBR_709_4#26#2022_A_24A_34.OKA,4/26/2022 2:33:07 PM,24-A,PM03B,ELI 17,"44    IF0a+Sodium Succinate/Ferric Citrate
45    IF0a+Sodium Succinate/Ferric Citrate
46    IF0a+Sodium Succinate/Ferric Citrate
47    IF0a+Sodium Succinate/Ferric Citrate
Name: Condition (Medium), dtype: object",E. coli,R1,23.0,51.6993,277.234,11.0,11.0,11.4798,66.0538,286.27,105.8339,131.6258,110.0157,18.0828,47.6369,302.7484,236.7012,11.0,11.0,11.0,36.4268,11.0,67.5705,249.9244,292.7773,203.7666,15.4844,22.9543,11.0,266.8355,129.3284,12.3567,11.0,137.7533,275.5945,21.8185,66.2814,15.1593,39.1703,18.8675,16.8162,18.8529,11.0,13.2822,17.2505,22.0878,57.3437,28.8282,36.0818,21.3977,31.2969,24.0121,11.0,19.8725,23.9869,23.5617,231.0283,23.9854,269.9948,167.5047,136.2459,279.2421,287.0542,156.5552,18.2532,286.3394,291.2162,101.2397,116.9701,96.609,25.0982,17.7042,22.8879,27.1091,20.4522,18.0418,135.9022,63.4716,88.984,42.5731,26.421,21.0252,30.7578,53.8148,23.6604,26.5071,24.4524,297.6764,300.0,301.3762,300.1587,251.3512,270.4037,277.2379,285.9247,291.0276,291.4117,215.5568,212.9339
F:\projects\DP_Clinical_strains\DP Clinical Isolates results-20220505T053100Z-001\ DP Clinical Isolates results\ELI 17 R1_E. coli_E. coli__3_37_SBR_709_4#26#2022_A_24A_34.OKA,4/26/2022 2:33:07 PM,24-A,PM03B,ELI 17,"44    IF0a+Sodium Succinate/Ferric Citrate
45    IF0a+Sodium Succinate/Ferric Citrate
46    IF0a+Sodium Succinate/Ferric Citrate
47    IF0a+Sodium Succinate/Ferric Citrate
Name: Condition (Medium), dtype: object",E. coli,R1,23.25,62.6295,275.1531,11.2502,11.0,12.7292,72.8835,285.0974,103.0754,139.1091,115.1025,19.1334,58.1645,300.2304,235.2016,11.0,11.0,13.7324,31.7545,11.0,61.7392,244.7879,290.1106,199.9902,20.4322,22.7344,11.0,264.0311,128.9371,11.3258,11.0,131.2721,271.9621,23.9583,65.3809,12.4811,45.8761,15.5189,13.255,19.8857,11.0,13.2756,15.211,20.7786,59.1079,27.2601,31.4729,22.364,31.1529,22.518,12.1859,23.3443,25.017,22.6685,226.6981,22.4588,268.8591,162.1139,136.3683,275.4253,287.2704,151.3618,20.7664,284.8417,288.5458,104.7384,118.9,99.899,22.9862,21.5236,23.2279,27.5568,18.6528,17.7526,132.0324,69.1801,84.1214,48.2328,27.9572,14.083,27.8774,55.6814,22.2949,28.4356,23.1122,293.423,296.2816,300.4898,299.8073,256.8019,264.7387,275.8522,287.6885,285.203,290.8796,230.1452,235.6239
F:\projects\DP_Clinical_strains\DP Clinical Isolates results-20220505T053100Z-001\ DP Clinical Isolates results\ELI 17 R1_E. coli_E. coli__3_37_SBR_709_4#26#2022_A_24A_34.OKA,4/26/2022 2:33:07 PM,24-A,PM03B,ELI 17,"44    IF0a+Sodium Succinate/Ferric Citrate
45    IF0a+Sodium Succinate/Ferric Citrate
46    IF0a+Sodium Succinate/Ferric Citrate
47    IF0a+Sodium Succinate/Ferric Citrate
Name: Condition (Medium), dtype: object",E. coli,R1,23.5,67.6388,278.6031,11.0312,13.6472,11.0,76.0174,285.0425,108.8413,140.1493,122.4168,17.8777,61.952,302.8283,239.5589,11.0,11.0,11.0,33.9082,11.0,69.3094,245.0899,291.9333,206.0903,21.966,24.7555,11.0,266.2939,138.7334,14.6044,11.0,131.6064,271.5674,20.6099,80.3028,16.6822,51.3978,14.6803,15.7201,17.1169,11.0,12.9378,16.1307,21.5594,60.442,28.0265,34.114,21.6314,30.8033,23.2802,11.0,25.0506,24.0491,23.9899,226.561,24.0356,267.17,161.6126,136.8962,278.6231,287.2358,155.1087,18.7847,285.4348,292.9345,105.5073,119.9677,95.5612,23.1748,17.536,17.5839,27.7234,20.9372,18.291,139.6764,67.7494,92.3292,51.2147,27.3226,11.0,33.8225,55.6348,22.1287,31.7349,22.0331,289.5575,293.184,297.9892,301.413,258.0952,267.1469,272.6425,285.0645,286.1615,292.7534,238.3681,239.6825
F:\projects\DP_Clinical_strains\DP Clinical Isolates results-20220505T053100Z-001\ DP Clinical Isolates results\ELI 17 R1_E. coli_E. coli__3_37_SBR_709_4#26#2022_A_24A_34.OKA,4/26/2022 2:33:07 PM,24-A,PM03B,ELI 17,"44    IF0a+Sodium Succinate/Ferric Citrate
45    IF0a+Sodium Succinate/Ferric Citrate
46    IF0a+Sodium Succinate/Ferric Citrate
47    IF0a+Sodium Succinate/Ferric Citrate
Name: Condition (Medium), dtype: object",E. coli,R1,23.75,75.1418,280.0132,11.0,11.0,11.0,82.4917,285.1853,114.8207,143.6584,130.8973,20.3949,71.5306,301.956,240.301,11.0621,11.0,14.0486,37.0006,11.0,74.1394,247.0123,294.5771,207.1369,26.0877,28.1006,11.0,268.887,142.2533,11.0,11.0,138.0866,272.5046,23.7658,82.1368,16.8936,59.8927,20.4605,14.6137,17.2806,11.0,11.259,15.2026,25.025,61.4285,32.9969,37.3047,19.9791,31.2513,25.8084,11.0,22.1883,26.1025,24.6228,229.9461,32.991,266.4336,161.4861,137.1046,276.9628,290.4749,156.8404,20.212,286.7744,293.1737,110.3786,121.3774,102.448,23.932,18.7653,23.0504,28.9361,24.3836,17.2565,142.6369,71.3484,99.4808,53.0393,28.2253,15.7237,41.3043,65.1287,26.2594,36.258,26.2086,293.0135,294.541,296.3884,302.1126,261.2658,269.1886,275.6368,285.9464,285.762,294.7831,248.7588,243.0269
F:\projects\DP_Clinical_strains\DP Clinical Isolates results-20220505T053100Z-001\ DP Clinical Isolates results\ELI 17 R1_E. coli_E. coli__3_37_SBR_709_4#26#2022_A_24A_34.OKA,4/26/2022 2:33:07 PM,24-A,PM03B,ELI 17,"44    IF0a+Sodium Succinate/Ferric Citrate
45    IF0a+Sodium Succinate/Ferric Citrate
46    IF0a+Sodium Succinate/Ferric Citrate
47    IF0a+Sodium Succinate/Ferric Citrate
Name: Condition (Medium), dtype: object",E. coli,R1,24.0,82.5915,286.0149,11.0,15.771,11.0,81.8226,286.2491,119.4235,147.5457,129.1588,24.9976,73.9561,301.3,246.2696,11.0,11.3116,12.9353,46.0959,11.0,82.6394,252.0009,294.9456,212.7801,24.8945,28.9236,11.0,268.4937,149.2989,15.0603,11.0,139.5482,276.6955,28.8081,90.5504,18.2384,64.3377,21.0891,15.0344,19.8921,11.0,11.4218,13.5953,28.7804,70.0163,32.8629,37.1984,26.3116,35.3782,23.6012,11.0,27.9136,29.3027,24.6248,231.9962,31.3815,268.8652,163.6062,143.275,277.6729,288.4446,168.5698,16.8583,286.0754,294.1385,116.2498,126.1511,105.6012,27.879,21.3651,24.2201,28.8482,20.2274,19.8164,149.3934,76.5992,101.262,62.0623,34.2409,17.6077,47.7536,70.6734,20.886,37.239,23.18,296.3351,300.2882,300.2681,299.6943,259.2169,276.4037,279.9185,284.6652,289.3687,296.2389,245.0339,247.399
F:\projects\DP_Clinical_strains\DP Clinical Isolates results-20220505T053100Z-001\ DP Clinical Isolates results\ELI 17 R1_E. coli_E. coli__3_37_SBR_709_4#26#2022_A_24A_34.OKA,4/26/2022 2:33:07 PM,24-A,PM03B,ELI 17,"44    IF0a+Sodium Succinate/Ferric Citrate
45    IF0a+Sodium Succinate/Ferric Citrate
46    IF0a+Sodium Succinate/Ferric Citrate
47    IF0a+Sodium Succinate/Ferric Citrate
Name: Condition (Medium), dtype: object",E. coli,R1,24.25,88.5405,286.1414,11.4065,13.639,11.0,87.4331,287.023,119.1559,155.0186,133.2239,20.6776,77.2201,302.6512,248.5436,11.0,11.0,12.511,46.8965,11.0,82.7176,249.351,295.8828,213.891,22.9351,30.011,11.0,268.4728,153.6724,13.5595,11.0,140.8808,275.6714,29.0176,92.1909,16.316,68.9772,18.7887,14.3848,16.9041,11.0,13.818,15.2085,29.0518,72.8852,38.4092,38.9822,20.7213,34.7672,22.3515,11.0,21.8999,32.9727,23.0811,234.3302,36.8028,268.9791,159.7044,144.039,276.1526,288.0184,168.3367,21.8615,285.0371,291.4464,116.1729,125.9292,104.9623,21.6676,18.9421,21.3021,29.775,23.7051,20.6241,153.7079,84.9003,100.2144,66.8736,34.5264,13.3608,45.9581,75.8964,22.4407,39.902,21.1516,293.3474,293.587,299.9426,300.7727,257.5414,271.621,280.7744,290.1088,286.8949,297.0229,246.4916,251.0669
F:\projects\DP_Clinical_strains\DP Clinical Isolates results-20220505T053100Z-001\ DP Clinical Isolates results\ELI 17 R1_E. coli_E. coli__3_37_SBR_709_4#26#2022_A_24A_34.OKA,4/26/2022 2:33:07 PM,24-A,PM03B,ELI 17,"44    IF0a+Sodium Succinate/Ferric Citrate
45    IF0a+Sodium Succinate/Ferric Citrate
46    IF0a+Sodium Succinate/Ferric Citrate
47    IF0a+Sodium Succinate/Ferric Citrate
Name: Condition (Medium), dtype: object",E. coli,R1,24.5,98.0757,286.5421,11.0,11.0,11.0,93.5919,294.0253,122.1758,162.5464,142.0945,18.5988,83.0555,304.2321,246.9842,11.0,11.0,12.673,45.5765,11.0,84.0366,250.5956,294.8836,220.5137,29.076,27.0276,11.0,270.2269,158.9451,12.495,11.0,140.1836,274.55,24.8845,96.6232,15.4859,81.3491,16.267,16.517,20.5307,11.0,11.0,14.325,31.6591,75.6493,40.1698,39.5281,21.9048,36.3358,29.9892,11.0,24.5458,33.8997,25.9017,235.0439,36.7615,271.0826,157.1856,143.6394,278.3423,288.8167,171.746,19.1044,285.4615,291.0569,125.1355,124.9733,103.8433,25.4057,24.5696,19.1848,27.4849,21.5995,14.8926,159.0005,87.5489,105.9803,68.0791,39.6404,12.1695,55.7759,76.5735,24.3349,39.8999,26.8688,292.2613,299.3764,300.1145,300.4695,260.1774,275.2451,278.9617,283.7836,289.1552,293.9803,256.5883,265.068
F:\projects\DP_Clinical_strains\DP Clinical Isolates results-20220505T053100Z-001\ DP Clinical Isolates results\ELI 17 R1_E. coli_E. coli__3_37_SBR_709_4#26#2022_A_24A_34.OKA,4/26/2022 2:33:07 PM,24-A,PM03B,ELI 17,"44    IF0a+Sodium Succinate/Ferric Citrate
45    IF0a+Sodium Succinate/Ferric Citrate
46    IF0a+Sodium Succinate/Ferric Citrate
47    IF0a+Sodium Succinate/Ferric Citrate
Name: Condition (Medium), dtype: object",E. coli,R1,24.75,106.2293,286.3827,13.6485,14.3016,12.1618,94.6752,292.7802,125.0878,168.2173,146.6752,21.6297,96.2999,299.4277,246.9062,11.0,11.0,11.0,38.8339,11.0,85.0329,244.9167,292.4382,223.673,31.3089,27.7485,11.8982,268.6461,158.358,13.5846,11.0,134.7342,269.3643,21.0955,100.9842,11.0,91.8626,18.5635,15.0192,19.3414,11.0,15.4974,13.9097,32.0577,77.3497,45.1631,40.8752,20.095,32.5342,27.2346,11.0,24.4478,35.0796,25.2419,231.4161,35.4326,268.4574,154.5794,146.2946,275.3041,294.6175,173.0374,17.3314,283.8298,291.368,124.9339,123.9069,111.0512,23.0289,20.6086,22.056,26.0398,24.5862,16.5913,167.9909,90.4139,107.7259,75.3279,43.3391,17.2514,58.4306,82.993,21.7364,46.4661,26.5771,291.5729,293.1751,297.8742,298.1379,261.5994,277.0643,279.7278,283.5151,284.3124,296.0514,261.1859,269.8816
F:\projects\DP_Clinical_strains\DP Clinical Isolates results-20220505T053100Z-001\ DP Clinical Isolates results\ELI 17 R1_E. coli_E. coli__3_37_SBR_709_4#26#2022_A_24A_34.OKA,4/26/2022 2:33:07 PM,24-A,PM03B,ELI 17,"44    IF0a+Sodium Succinate/Ferric Citrate
45    IF0a+Sodium Succinate/Ferric Citrate
46    IF0a+Sodium Succinate/Ferric Citrate
47    IF0a+Sodium Succinate/Ferric Citrate
Name: Condition (Medium), dtype: object",E. coli,R1,25.0,119.1042,287.488,11.0,14.3314,11.0,99.7355,296.2884,127.9203,177.1886,146.7197,18.497,94.7703,303.3895,253.1644,14.0826,11.0,15.7423,47.9777,11.0,88.1458,250.2012,292.3922,225.7482,32.9158,27.1057,11.0,272.0598,163.1546,11.0,11.0,137.7431,269.7846,24.6281,99.9094,12.4835,93.9404,18.0635,15.614,22.0935,11.0,14.7961,18.2432,33.5783,81.7387,48.8507,46.5218,22.2866,35.7287,23.936,11.0,19.5747,42.3935,28.3024,234.9515,41.9736,268.5729,152.6562,149.7597,275.3111,291.1473,176.6051,18.9517,283.4359,291.6249,131.62,127.0939,109.7574,24.8716,21.4852,22.9547,29.2192,21.199,17.7194,170.2228,96.3001,111.297,75.5598,50.0024,11.6203,67.8082,85.4599,23.4942,46.6848,23.7532,291.1888,291.4103,297.2672,301.247,262.8942,275.2893,280.8475,283.8467,291.1934,295.4213,265.0512,271.363
F:\projects\DP_Clinical_strains\DP Clinical Isolates results-20220505T053100Z-001\ DP Clinical Isolates results\ELI 17 R1_E. coli_E. coli__3_37_SBR_709_4#26#2022_A_24A_34.OKA,4/26/2022 2:33:07 PM,24-A,PM03B,ELI 17,"44    IF0a+Sodium Succinate/Ferric Citrate
45    IF0a+Sodium Succinate/Ferric Citrate
46    IF0a+Sodium Succinate/Ferric Citrate
47    IF0a+Sodium Succinate/Ferric Citrate
Name: Condition (Medium), dtype: object",E. coli,R1,25.25,127.6415,285.9062,12.9514,12.5513,11.2892,97.1329,297.259,135.1906,187.4566,150.3652,21.0982,94.3551,305.2501,254.3056,14.6439,11.0,14.4857,47.7937,11.0,89.6131,254.4543,294.9272,227.106,29.5254,24.5437,11.0,271.6097,164.7533,17.954,11.0,137.7318,275.1358,22.4641,112.9747,15.4737,96.5473,17.2634,14.5576,18.3803,11.0,13.738,12.7019,34.082,87.1495,53.5629,41.654,24.5849,32.4078,26.8779,11.0,24.7228,38.7868,27.6144,238.538,44.4782,272.1362,154.9033,148.1456,275.239,288.1972,180.6945,17.6662,287.272,290.1521,138.2731,131.8119,109.1266,25.8748,23.8903,22.9528,33.9494,20.534,17.5115,173.5579,99.1113,113.3813,79.0329,55.7197,12.3971,67.4501,88.825,26.851,44.5709,27.0856,292.4818,292.5789,302.6085,301.5762,264.1115,278.4563,279.409,279.5212,289.9717,296.6253,262.414,270.4662
F:\projects\DP_Clinical_strains\DP Clinical Isolates results-20220505T053100Z-001\ DP Clinical Isolates results\ELI 17 R1_E. coli_E. coli__3_37_SBR_709_4#26#2022_A_24A_34.OKA,4/26/2022 2:33:07 PM,24-A,PM03B,ELI 17,"44    IF0a+Sodium Succinate/Ferric Citrate
45    IF0a+Sodium Succinate/Ferric Citrate
46    IF0a+Sodium Succinate/Ferric Citrate
47    IF0a+Sodium Succinate/Ferric Citrate
Name: Condition (Medium), dtype: object",E. coli,R1,25.5,129.5133,287.6862,13.6907,14.644,11.0,99.5107,295.0494,137.4262,190.6085,152.8808,19.5107,93.7636,303.0518,257.6108,16.1502,11.0,14.3193,53.7129,11.0,92.471,254.8286,294.3333,236.589,33.5202,28.5375,13.1826,274.4906,169.3596,14.7536,11.0,142.803,275.6351,28.4879,116.2047,12.3929,102.8709,19.3612,15.772,19.8213,11.0,11.0,11.0,45.3237,92.3244,53.9143,42.8386,21.9089,36.6503,27.8373,11.0,25.7102,46.216,31.3871,241.6368,48.2762,272.3747,150.0966,153.5227,279.3273,293.2244,179.8553,15.6756,286.3846,290.0208,143.852,128.4517,115.4174,27.4011,18.0673,25.8797,27.201,21.2137,16.6197,175.0305,96.9039,117.5926,85.3577,58.168,13.9609,67.3656,86.4941,23.5467,47.6362,20.0267,293.5859,296.9933,304.0557,301.7541,264.8697,278.9968,281.9473,283.3503,287.9429,298.4729,261.5387,271.9149
F:\projects\DP_Clinical_strains\DP Clinical Isolates results-20220505T053100Z-001\ DP Clinical Isolates results\ELI 17 R1_E. coli_E. coli__3_37_SBR_709_4#26#2022_A_24A_34.OKA,4/26/2022 2:33:07 PM,24-A,PM03B,ELI 17,"44    IF0a+Sodium Succinate/Ferric Citrate
45    IF0a+Sodium Succinate/Ferric Citrate
46    IF0a+Sodium Succinate/Ferric Citrate
47    IF0a+Sodium Succinate/Ferric Citrate
Name: Condition (Medium), dtype: object",E. coli,R1,25.75,141.0765,286.5414,11.0,11.0,11.0,94.1755,293.8739,134.8649,198.2496,153.2423,19.0854,85.6303,303.8709,264.263,16.8045,11.0,18.2192,63.5753,11.0,96.0569,263.2724,295.2856,231.966,30.5134,27.6617,14.4807,274.7435,179.558,11.0,11.0,149.4537,282.4209,29.7398,117.7031,11.6656,96.8119,21.0048,14.4844,19.7548,11.0,12.3577,14.4758,45.7908,94.7869,56.5639,40.764,20.4266,35.7716,28.9102,11.0,24.7792,50.5648,30.4467,242.7521,51.8427,275.0396,148.2854,156.6636,285.4911,291.9985,189.4539,19.1565,288.82,295.8703,148.3677,127.9893,116.0493,30.4744,19.8687,25.9581,27.9009,25.3944,19.342,183.1159,104.2075,117.2336,86.6732,61.3341,12.4604,78.6838,94.596,26.7095,48.7778,23.5619,294.2163,299.5575,304.7003,303.3654,264.2097,281.4785,288.4432,291.3765,293.1483,299.3089,263.2513,262.8483
F:\projects\DP_Clinical_strains\DP Clinical Isolates results-20220505T053100Z-001\ DP Clinical Isolates results\ELI 17 R1_E. coli_E. coli__3_37_SBR_709_4#26#2022_A_24A_34.OKA,4/26/2022 2:33:07 PM,24-A,PM03B,ELI 17,"44    IF0a+Sodium Succinate/Ferric Citrate
45    IF0a+Sodium Succinate/Ferric Citrate
46    IF0a+Sodium Succinate/Ferric Citrate
47    IF0a+Sodium Succinate/Ferric Citrate
Name: Condition (Medium), dtype: object",E. coli,R1,26.0,140.0475,290.5768,11.5625,11.6031,11.0,103.321,294.0344,143.2736,209.2759,160.0297,23.0454,99.5763,305.1462,259.2147,21.5255,11.0,19.1186,64.8211,11.0,102.2559,253.3057,295.6905,242.5294,38.2282,23.2183,16.1209,277.0315,175.3928,15.5514,11.0,143.0777,277.9536,26.7466,122.1946,13.8123,117.1495,21.4539,16.9427,19.8075,11.0,13.5536,14.6238,51.1902,96.5127,59.3091,45.0636,25.121,35.8509,28.9507,11.0,30.0065,57.1859,28.055,241.7505,58.1903,270.5616,144.801,156.1196,276.7002,295.7877,182.5269,21.5715,284.7932,290.5403,151.014,135.3226,115.1423,29.9661,22.2392,25.9112,32.1227,18.9959,20.0486,177.0629,110.0114,122.6052,90.4734,65.8345,11.8445,79.54,97.2874,21.8139,52.5689,24.5752,292.0702,292.0977,302.6712,301.7642,264.2372,276.506,280.1667,283.9013,288.4187,297.8956,267.3866,278.4789
F:\projects\DP_Clinical_strains\DP Clinical Isolates results-20220505T053100Z-001\ DP Clinical Isolates results\ELI 17 R1_E. coli_E. coli__3_37_SBR_709_4#26#2022_A_24A_34.OKA,4/26/2022 2:33:07 PM,24-A,PM03B,ELI 17,"44    IF0a+Sodium Succinate/Ferric Citrate
45    IF0a+Sodium Succinate/Ferric Citrate
46    IF0a+Sodium Succinate/Ferric Citrate
47    IF0a+Sodium Succinate/Ferric Citrate
Name: Condition (Medium), dtype: object",E. coli,R1,26.25,149.5947,290.8804,16.9864,15.5002,11.0,105.405,293.3326,147.5044,214.6869,167.5687,21.3889,108.1979,304.6266,262.4617,18.2757,11.0,16.3695,67.656,11.0,103.4556,254.3576,297.7631,246.2367,38.9125,30.7806,22.418,276.3042,177.8358,19.1545,11.0,144.1756,276.155,31.3841,125.2774,13.3636,126.558,17.648,14.218,20.1885,11.0,14.4087,11.0,55.8308,100.6319,68.8546,46.5703,23.9476,34.1117,28.18,13.3378,27.9483,61.6535,37.1109,240.6243,60.4999,271.149,138.3862,157.2849,277.1738,297.8578,178.9978,21.2686,286.403,292.9149,154.2277,139.1446,122.0404,28.3939,20.7003,26.875,31.1423,26.2668,23.2453,184.3971,109.621,124.342,92.6164,70.8747,16.9001,87.3918,102.7979,25.7801,58.5783,20.5217,291.1537,295.2398,300.9142,304.0011,260.7216,274.9058,282.4239,285.7313,285.7382,297.5172,268.5471,284.9306
F:\projects\DP_Clinical_strains\DP Clinical Isolates results-20220505T053100Z-001\ DP Clinical Isolates results\ELI 17 R1_E. coli_E. coli__3_37_SBR_709_4#26#2022_A_24A_34.OKA,4/26/2022 2:33:07 PM,24-A,PM03B,ELI 17,"44    IF0a+Sodium Succinate/Ferric Citrate
45    IF0a+Sodium Succinate/Ferric Citrate
46    IF0a+Sodium Succinate/Ferric Citrate
47    IF0a+Sodium Succinate/Ferric Citrate
Name: Condition (Medium), dtype: object",E. coli,R1,26.5,149.4752,293.452,16.1623,17.7321,14.244,108.2182,293.0898,157.282,221.6649,170.0461,20.3448,108.1202,305.6389,266.3609,21.2752,12.1918,20.8249,71.9988,11.0,113.807,258.4732,297.6793,252.0207,46.5674,31.1239,26.2461,278.0804,182.6169,21.5935,11.0,147.3563,276.5857,31.2441,129.4097,18.6834,131.9455,21.4202,16.7341,23.6325,11.0,18.7642,17.0624,63.8073,106.8568,72.4211,50.5304,26.0736,36.4297,29.6426,13.6911,29.2188,64.9948,37.6934,245.379,70.2971,272.9142,149.1994,163.4716,276.1473,292.1961,188.0545,20.6649,285.1288,293.7719,162.9979,139.4575,121.3717,31.2184,23.6078,28.1775,30.1927,20.9106,23.0994,185.3288,116.1395,130.6176,92.1057,75.5816,18.384,97.3826,104.1643,21.3228,59.1752,23.7991,292.2904,300.419,303.3194,304.087,261.3217,271.7187,284.0186,286.4853,286.1419,298.2753,269.7184,288.343
F:\projects\DP_Clinical_strains\DP Clinical Isolates results-20220505T053100Z-001\ DP Clinical Isolates results\ELI 17 R1_E. coli_E. coli__3_37_SBR_709_4#26#2022_A_24A_34.OKA,4/26/2022 2:33:07 PM,24-A,PM03B,ELI 17,"44    IF0a+Sodium Succinate/Ferric Citrate
45    IF0a+Sodium Succinate/Ferric Citrate
46    IF0a+Sodium Succinate/Ferric Citrate
47    IF0a+Sodium Succinate/Ferric Citrate
Name: Condition (Medium), dtype: object",E. coli,R1,26.75,160.5198,294.004,15.0871,16.5162,11.1937,108.879,295.4722,161.478,225.3766,180.1001,21.5179,109.411,308.6168,267.2016,23.8646,13.2551,26.3188,82.866,11.0,115.7106,261.976,298.4311,253.0686,46.1316,33.5903,29.3741,282.4885,184.4896,19.2243,11.0,151.9582,282.5723,33.5818,135.575,17.6961,131.4126,24.1369,15.6746,22.8976,11.9293,15.2175,17.3352,68.3001,109.8094,71.7505,51.5147,29.7237,36.9063,27.9504,11.0966,34.8265,70.1756,41.2734,250.9035,71.055,271.9043,140.5828,169.1433,282.9873,296.5017,194.4929,24.1912,286.6245,296.1957,165.3681,144.7169,123.6584,34.0224,26.694,31.4318,28.3989,20.2524,24.6954,189.8667,120.4134,133.1635,102.6766,78.7207,12.6339,94.7796,109.3384,25.8941,62.0536,27.1163,295.6251,298.2697,303.8712,303.311,262.5274,277.8854,281.8712,289.4147,290.7045,300.1963,271.2838,286.7831
F:\projects\DP_Clinical_strains\DP Clinical Isolates results-20220505T053100Z-001\ DP Clinical Isolates results\ELI 17 R1_E. coli_E. coli__3_37_SBR_709_4#26#2022_A_24A_34.OKA,4/26/2022 2:33:07 PM,24-A,PM03B,ELI 17,"44    IF0a+Sodium Succinate/Ferric Citrate
45    IF0a+Sodium Succinate/Ferric Citrate
46    IF0a+Sodium Succinate/Ferric Citrate
47    IF0a+Sodium Succinate/Ferric Citrate
Name: Condition (Medium), dtype: object",E. coli,R1,27.0,165.7533,294.5034,15.7686,14.0267,11.0,109.7034,301.2081,163.826,230.8931,183.9037,20.5163,107.1441,307.1737,270.2089,29.8183,14.2907,27.704,88.9027,11.0,125.7882,267.3628,298.9177,260.1347,47.8588,28.3011,33.2842,285.2419,187.9694,17.2658,11.0,150.4375,283.7645,31.8352,140.2827,11.9535,130.538,22.6705,16.8618,24.8101,11.0,15.8732,16.114,70.901,110.4641,75.2438,53.4741,27.6754,33.9142,24.0251,14.2248,35.2848,73.3415,42.3185,252.2376,79.3985,272.607,144.0246,165.9661,281.4661,294.617,202.9987,21.9359,290.2446,293.807,165.4106,142.0823,127.7642,33.0385,24.4371,33.7907,29.3122,21.2972,20.9614,186.5136,125.2813,132.7268,102.6642,80.248,13.3878,100.5538,115.6203,28.4542,58.2772,22.9549,298.182,296.3951,302.5284,304.9692,263.3159,273.7625,284.1978,290.2098,292.6297,301.569,274.2108,286.4683
F:\projects\DP_Clinical_strains\DP Clinical Isolates results-20220505T053100Z-001\ DP Clinical Isolates results\ELI 17 R1_E. coli_E. coli__3_37_SBR_709_4#26#2022_A_24A_34.OKA,4/26/2022 2:33:07 PM,24-A,PM03B,ELI 17,"44    IF0a+Sodium Succinate/Ferric Citrate
45    IF0a+Sodium Succinate/Ferric Citrate
46    IF0a+Sodium Succinate/Ferric Citrate
47    IF0a+Sodium Succinate/Ferric Citrate
Name: Condition (Medium), dtype: object",E. coli,R1,27.25,174.3156,297.1966,18.3297,14.5361,11.0,112.494,301.3745,165.7063,234.8423,188.2032,23.3771,110.5194,307.2054,276.0894,34.4824,13.853,27.6109,98.8261,11.0,132.4691,270.6307,300.8362,260.8202,49.9766,32.7795,41.7772,286.6255,193.152,21.8958,11.0,156.8104,288.0042,37.2042,144.5352,16.7041,136.9716,24.3544,15.7046,20.1849,11.0,16.8565,19.1882,74.8555,108.6761,78.2398,51.8679,25.1624,34.5647,26.6015,16.4105,44.4022,79.5173,51.5548,255.0207,82.747,272.7392,148.4944,176.066,284.4361,296.01,205.4937,19.6636,289.5385,296.9379,170.8811,141.0152,131.6735,42.3621,26.1933,34.3193,32.6557,24.8036,19.7639,181.4328,128.2651,135.2403,108.3331,87.9565,17.5952,108.0693,121.375,26.0356,55.3802,25.4309,300.5978,297.6753,306.6075,305.9374,268.834,271.2322,286.4873,289.2831,292.2356,301.8627,269.4535,285.6496
F:\projects\DP_Clinical_strains\DP Clinical Isolates results-20220505T053100Z-001\ DP Clinical Isolates results\ELI 17 R1_E. coli_E. coli__3_37_SBR_709_4#26#2022_A_24A_34.OKA,4/26/2022 2:33:07 PM,24-A,PM03B,ELI 17,"44    IF0a+Sodium Succinate/Ferric Citrate
45    IF0a+Sodium Succinate/Ferric Citrate
46    IF0a+Sodium Succinate/Ferric Citrate
47    IF0a+Sodium Succinate/Ferric Citrate
Name: Condition (Medium), dtype: object",E. coli,R1,27.5,178.5357,295.0424,18.8825,14.8376,11.0,116.6727,296.898,167.5408,238.3891,192.3222,19.1421,133.5402,306.4948,269.9858,29.7179,12.5383,24.9871,90.0259,11.0,124.1279,262.6422,298.8981,261.6451,60.6393,30.6797,32.9496,283.764,192.546,21.5246,11.0,151.9094,280.5338,31.71,145.9955,13.3986,151.2856,24.7026,19.2433,23.2354,11.0,17.3221,14.7893,83.3397,114.3682,81.9487,53.7669,29.2985,33.8088,27.0031,20.4522,49.3049,80.7973,53.4747,250.9694,79.4988,272.3421,141.4409,173.9119,279.0539,295.4615,196.8029,23.383,287.1673,294.7652,176.4244,146.845,130.031,42.2373,29.7021,38.0405,30.8998,24.9396,23.6691,183.0199,134.8894,135.7516,112.1197,89.5676,17.0636,107.7244,124.3333,28.0259,73.9703,26.2468,292.9074,300.878,305.4853,304.7763,264.0345,271.6767,286.5249,288.0402,286.4019,300.3575,276.1855,289.3157
F:\projects\DP_Clinical_strains\DP Clinical Isolates results-20220505T053100Z-001\ DP Clinical Isolates results\ELI 17 R1_E. coli_E. coli__3_37_SBR_709_4#26#2022_A_24A_34.OKA,4/26/2022 2:33:07 PM,24-A,PM03B,ELI 17,"44    IF0a+Sodium Succinate/Ferric Citrate
45    IF0a+Sodium Succinate/Ferric Citrate
46    IF0a+Sodium Succinate/Ferric Citrate
47    IF0a+Sodium Succinate/Ferric Citrate
Name: Condition (Medium), dtype: object",E. coli,R1,27.75,186.1457,294.1628,23.2286,15.8564,11.0643,117.9796,296.0716,176.5376,242.5438,198.1257,20.4248,146.1541,302.9867,275.3381,34.6128,13.8912,24.4905,86.0,11.0,130.2552,263.2278,295.8747,263.6576,63.8428,36.68,36.226,281.6402,196.5197,21.3872,11.0,149.0075,279.4609,35.6813,147.7552,15.7998,157.8903,21.551,16.7859,25.4159,11.0,16.9199,13.9807,82.3251,113.0481,84.3654,56.9766,27.6874,34.7963,26.019,16.136,48.9172,87.2246,49.521,249.6631,78.3,271.0314,138.7743,169.7746,279.6459,294.2594,192.2851,23.7066,287.0563,295.5956,175.3338,150.6664,128.5105,45.3719,28.8317,39.0836,35.3605,24.7981,21.9938,178.1765,136.5141,139.4929,117.2659,92.4831,15.7143,111.8894,130.2712,27.4714,80.5922,23.1121,296.1489,294.5745,307.6007,303.6869,263.3945,272.1081,288.4731,284.6587,290.0756,301.6592,277.5891,292.3889
F:\projects\DP_Clinical_strains\DP Clinical Isolates results-20220505T053100Z-001\ DP Clinical Isolates results\ELI 17 R1_E. coli_E. coli__3_37_SBR_709_4#26#2022_A_24A_34.OKA,4/26/2022 2:33:07 PM,24-A,PM03B,ELI 17,"44    IF0a+Sodium Succinate/Ferric Citrate
45    IF0a+Sodium Succinate/Ferric Citrate
46    IF0a+Sodium Succinate/Ferric Citrate
47    IF0a+Sodium Succinate/Ferric Citrate
Name: Condition (Medium), dtype: object",E. coli,R1,28.0,188.0887,295.4668,22.9433,13.713,12.5796,118.7333,296.0223,174.8455,244.7243,202.3754,22.7327,159.0766,310.2786,275.7412,34.821,11.0,30.5922,86.2748,11.0,130.2867,263.7395,298.6157,265.7284,64.2758,40.8074,34.4234,284.0064,196.792,17.2304,11.0,149.5939,276.7357,36.195,148.141,15.7813,160.3185,21.1228,18.9855,24.1049,11.0,16.9895,17.3715,85.1866,112.4244,85.1108,54.9979,27.2221,36.3676,32.551,16.017,54.8047,84.2171,56.0911,251.8786,80.711,273.296,142.7229,173.6149,278.1793,296.7878,195.9872,21.9417,289.9446,295.3544,174.515,147.2025,131.0772,52.1023,28.0722,45.2185,28.7409,22.8578,17.1382,172.1572,137.0679,141.7767,116.6236,99.5201,17.6553,115.7853,130.9335,25.3947,82.1668,23.2512,292.6875,292.9525,301.8228,303.3852,262.6347,276.6662,287.4415,284.4612,287.6927,300.4776,281.3538,294.6454
F:\projects\DP_Clinical_strains\DP Clinical Isolates results-20220505T053100Z-001\ DP Clinical Isolates results\ELI 17 R1_E. coli_E. coli__3_37_SBR_709_4#26#2022_A_24A_34.OKA,4/26/2022 2:33:07 PM,24-A,PM03B,ELI 17,"44    IF0a+Sodium Succinate/Ferric Citrate
45    IF0a+Sodium Succinate/Ferric Citrate
46    IF0a+Sodium Succinate/Ferric Citrate
47    IF0a+Sodium Succinate/Ferric Citrate
Name: Condition (Medium), dtype: object",E. coli,R1,28.25,194.1724,295.3097,23.4577,13.7877,11.0,122.4396,296.3539,182.8619,249.6442,211.0415,22.3598,166.5186,306.386,278.2942,36.6492,12.4103,26.857,94.4913,11.0,137.6065,263.0744,300.3812,270.4581,70.6399,39.113,36.6418,280.5367,198.6723,17.7162,11.0,152.0162,282.842,32.7989,153.2744,14.0285,162.0253,23.2829,19.6057,24.1567,11.0,15.7265,20.4059,85.2125,115.5921,87.1953,56.1059,27.3179,33.3309,24.1883,16.7624,60.229,86.9584,57.4126,254.2564,83.7738,271.7796,135.3447,173.68,277.7953,297.7523,200.8319,22.8697,286.706,294.301,181.8896,149.979,134.222,53.484,30.1402,51.702,29.5536,23.8322,21.1568,172.1797,139.75,141.7037,119.4932,98.499,14.8746,114.8637,134.2568,23.9836,83.2834,18.3371,292.6943,296.4942,304.6164,301.7036,257.4323,283.559,284.9859,289.5493,285.9131,301.6441,279.1404,296.6805
F:\projects\DP_Clinical_strains\DP Clinical Isolates results-20220505T053100Z-001\ DP Clinical Isolates results\ELI 17 R1_E. coli_E. coli__3_37_SBR_709_4#26#2022_A_24A_34.OKA,4/26/2022 2:33:07 PM,24-A,PM03B,ELI 17,"44    IF0a+Sodium Succinate/Ferric Citrate
45    IF0a+Sodium Succinate/Ferric Citrate
46    IF0a+Sodium Succinate/Ferric Citrate
47    IF0a+Sodium Succinate/Ferric Citrate
Name: Condition (Medium), dtype: object",E. coli,R1,28.5,205.4262,293.9737,28.6758,16.6838,14.7622,120.9177,303.114,183.6938,253.1806,217.8902,25.2994,170.0649,307.4301,278.6196,42.2963,13.2777,30.7263,91.7824,11.0,141.4284,266.1074,296.6147,269.3129,74.6637,43.1889,42.2627,286.5211,202.8699,19.9528,11.0,151.8938,281.0334,34.4239,152.9323,15.2491,167.3563,25.2104,18.2296,24.7392,11.0,14.4841,19.337,88.4947,119.3506,89.081,60.9639,29.1136,34.3407,28.5469,18.6736,66.4102,92.5689,61.0486,252.5803,89.1944,273.6886,140.8201,173.6361,280.2934,298.9022,203.1622,20.8658,289.9438,294.5057,186.7627,152.0955,136.7448,61.6696,34.2392,57.1077,32.0536,23.3151,21.2631,172.7946,141.6563,147.706,122.4858,106.0782,13.0494,122.1861,141.6116,22.5189,87.454,22.7894,288.3762,297.1844,303.2933,301.5778,255.5327,284.1537,285.8329,287.1072,290.2486,297.3716,284.3777,300.2397
F:\projects\DP_Clinical_strains\DP Clinical Isolates results-20220505T053100Z-001\ DP Clinical Isolates results\ELI 17 R1_E. coli_E. coli__3_37_SBR_709_4#26#2022_A_24A_34.OKA,4/26/2022 2:33:07 PM,24-A,PM03B,ELI 17,"44    IF0a+Sodium Succinate/Ferric Citrate
45    IF0a+Sodium Succinate/Ferric Citrate
46    IF0a+Sodium Succinate/Ferric Citrate
47    IF0a+Sodium Succinate/Ferric Citrate
Name: Condition (Medium), dtype: object",E. coli,R1,28.75,207.2801,294.2589,30.7296,11.317,13.0888,125.6212,300.8528,190.6229,255.8108,224.1886,21.2952,175.4658,307.5925,279.6818,41.3148,13.1655,29.7125,100.2106,11.0,146.4094,269.6088,299.6823,268.4041,76.6459,43.8064,39.0864,285.939,206.8616,17.826,11.0,154.6754,280.052,43.2809,159.3671,15.4209,168.2062,19.6322,17.3472,29.2107,11.0,16.6542,22.2585,92.7885,121.1793,89.0857,59.3985,34.78,37.0881,23.346,25.6706,72.451,96.6291,64.4785,255.8122,92.6282,274.7756,137.7157,175.5234,278.4996,297.6759,201.6935,18.722,285.7355,296.1364,189.2066,155.5853,140.7358,60.9962,37.1763,62.259,27.9773,20.9804,21.735,167.4257,146.2079,146.0831,125.6825,109.3291,15.3788,125.3057,141.9973,22.1413,93.5419,21.6846,291.807,296.2524,303.5549,302.3425,259.8459,282.3221,288.2922,283.5046,289.2487,300.6902,283.3317,303.2898
F:\projects\DP_Clinical_strains\DP Clinical Isolates results-20220505T053100Z-001\ DP Clinical Isolates results\ELI 17 R1_E. coli_E. coli__3_37_SBR_709_4#26#2022_A_24A_34.OKA,4/26/2022 2:33:07 PM,24-A,PM03B,ELI 17,"44    IF0a+Sodium Succinate/Ferric Citrate
45    IF0a+Sodium Succinate/Ferric Citrate
46    IF0a+Sodium Succinate/Ferric Citrate
47    IF0a+Sodium Succinate/Ferric Citrate
Name: Condition (Medium), dtype: object",E. coli,R1,29.0,209.4818,293.0904,31.3496,11.7588,15.0306,124.6587,301.2447,195.0591,262.4491,233.2498,18.2961,187.0215,306.4272,281.209,33.452,14.8997,35.5056,96.9309,11.0,151.0943,270.8801,298.6528,268.0258,78.7603,45.7859,45.9508,288.3091,207.385,21.4974,11.0,155.1573,280.3125,43.1807,160.9627,14.5836,172.3272,23.63,16.6229,26.4711,11.0,16.0787,19.4541,92.8317,120.1429,91.209,61.0303,32.0193,35.5311,29.2694,27.6283,75.2545,97.3336,64.4629,254.8265,89.5755,273.9264,135.6307,177.9746,277.3605,293.2189,203.5344,20.3559,288.6721,296.1384,193.0396,157.4501,141.972,62.5789,34.4152,64.3973,30.2106,22.4357,20.5602,165.8167,149.8553,145.5057,126.5512,108.431,13.343,125.7944,145.6239,20.7147,96.0526,25.3821,291.8116,295.1355,304.5953,303.1454,263.7695,280.4886,287.8379,283.2575,288.6432,302.6106,284.2889,305.9692
F:\projects\DP_Clinical_strains\DP Clinical Isolates results-20220505T053100Z-001\ DP Clinical Isolates results\ELI 17 R1_E. coli_E. coli__3_37_SBR_709_4#26#2022_A_24A_34.OKA,4/26/2022 2:33:07 PM,24-A,PM03B,ELI 17,"44    IF0a+Sodium Succinate/Ferric Citrate
45    IF0a+Sodium Succinate/Ferric Citrate
46    IF0a+Sodium Succinate/Ferric Citrate
47    IF0a+Sodium Succinate/Ferric Citrate
Name: Condition (Medium), dtype: object",E. coli,R1,29.25,209.9539,293.4719,32.6719,14.1834,13.6778,129.2134,296.3723,194.3383,261.4089,234.8995,21.2899,202.5692,307.5511,277.1346,34.3996,11.0,34.468,95.167,11.0,157.3582,263.9702,299.7378,269.7147,83.9829,50.2516,40.8617,284.8169,209.7132,17.71,11.0,151.0499,277.829,45.9996,160.9382,15.4999,180.0616,20.9035,18.865,29.5851,11.0,11.0,16.2426,90.5395,124.8821,93.1518,63.3141,32.6156,36.97,31.8579,27.5239,77.9042,97.1,72.9635,256.9996,89.8428,272.2104,137.7143,176.1546,274.668,298.2607,196.9648,23.9849,283.5416,294.9049,191.0517,158.8682,144.807,67.1062,36.5849,70.0215,34.2757,24.6943,16.4671,165.725,153.0468,149.7021,132.5056,107.1499,18.3003,128.3544,147.5039,20.8746,98.5728,24.865,290.0064,294.5311,302.889,303.1716,263.2941,280.0063,284.0057,285.6702,285.1883,301.2896,286.1794,305.7581
F:\projects\DP_Clinical_strains\DP Clinical Isolates results-20220505T053100Z-001\ DP Clinical Isolates results\ELI 17 R1_E. coli_E. coli__3_37_SBR_709_4#26#2022_A_24A_34.OKA,4/26/2022 2:33:07 PM,24-A,PM03B,ELI 17,"44    IF0a+Sodium Succinate/Ferric Citrate
45    IF0a+Sodium Succinate/Ferric Citrate
46    IF0a+Sodium Succinate/Ferric Citrate
47    IF0a+Sodium Succinate/Ferric Citrate
Name: Condition (Medium), dtype: object",E. coli,R1,29.5,216.3504,295.1516,33.6293,16.8322,11.0,125.2258,298.5638,192.5236,265.0656,242.0019,21.7937,200.9537,307.9101,283.1323,33.7073,16.0004,33.2106,101.6439,11.0,161.421,266.7246,298.791,267.5423,91.4854,51.734,44.8383,286.1898,213.4711,16.0156,11.0,148.0294,275.7572,44.5326,160.3295,12.7034,183.5107,21.7193,19.9882,30.9204,11.0,17.699,22.4222,91.2499,123.2202,94.2868,63.3595,34.1142,36.8639,24.7979,32.7497,78.7132,104.4273,70.0595,253.8798,89.3249,271.9415,148.5461,178.393,275.3099,298.1902,200.8863,20.2052,287.4111,296.6304,192.7387,158.3824,142.0561,69.5909,36.6767,77.4252,31.4978,19.3314,20.7201,169.9313,157.6194,151.5347,131.1121,116.4231,19.9113,137.8542,150.2668,22.2904,110.0374,20.3772,288.0917,294.1692,300.8516,301.4039,263.5192,279.2617,284.375,280.7997,286.9029,296.552,286.503,304.2589
F:\projects\DP_Clinical_strains\DP Clinical Isolates results-20220505T053100Z-001\ DP Clinical Isolates results\ELI 17 R1_E. coli_E. coli__3_37_SBR_709_4#26#2022_A_24A_34.OKA,4/26/2022 2:33:07 PM,24-A,PM03B,ELI 17,"44    IF0a+Sodium Succinate/Ferric Citrate
45    IF0a+Sodium Succinate/Ferric Citrate
46    IF0a+Sodium Succinate/Ferric Citrate
47    IF0a+Sodium Succinate/Ferric Citrate
Name: Condition (Medium), dtype: object",E. coli,R1,29.75,212.9223,296.0498,33.0731,14.0621,11.3224,128.5908,296.9977,197.909,266.3393,242.5215,23.6154,212.5537,306.2685,280.9626,31.1983,11.0,33.2429,101.6384,11.0,164.1628,262.9366,296.3983,263.9641,98.8918,56.1275,43.3221,284.5873,213.0554,19.2405,11.0,147.1501,274.7659,48.2235,166.0701,14.2642,190.6811,25.8947,21.0292,31.4454,11.0,19.264,18.7982,90.6995,124.5212,95.0278,63.7114,38.3926,35.5061,25.1845,35.8175,86.8551,99.9699,70.0005,251.1872,90.775,273.2025,166.8027,178.7336,275.5105,299.3534,199.1942,18.0009,281.6692,293.9879,194.1117,159.0481,149.299,72.7491,42.2291,80.6978,32.2908,23.904,21.2265,174.5949,161.9709,152.0712,137.3333,119.8683,16.298,136.2855,153.8134,19.7927,119.1365,26.5157,291.9229,292.1807,302.2031,302.8261,263.0198,281.3267,283.8142,282.7604,287.5578,301.1379,288.0291,308.4453
F:\projects\DP_Clinical_strains\DP Clinical Isolates results-20220505T053100Z-001\ DP Clinical Isolates results\ELI 17 R1_E. coli_E. coli__3_37_SBR_709_4#26#2022_A_24A_34.OKA,4/26/2022 2:33:07 PM,24-A,PM03B,ELI 17,"44    IF0a+Sodium Succinate/Ferric Citrate
45    IF0a+Sodium Succinate/Ferric Citrate
46    IF0a+Sodium Succinate/Ferric Citrate
47    IF0a+Sodium Succinate/Ferric Citrate
Name: Condition (Medium), dtype: object",E. coli,R1,30.0,216.4342,296.0896,35.4928,19.8373,11.0,137.1112,302.4094,203.1846,271.2607,250.3597,20.8406,209.6706,308.5,284.6008,40.4331,11.0,39.9831,118.6989,11.0,181.7329,269.0233,300.6096,268.4537,101.5988,56.0801,54.9732,288.1387,216.8038,18.7102,11.0,154.33,282.448,56.2464,173.3159,12.9495,185.4121,25.1227,20.8627,32.941,11.0,16.9818,20.958,96.6739,128.3367,99.2651,64.6992,47.2479,42.1695,27.1656,45.1401,91.7733,108.0691,78.2202,257.9649,99.5749,273.6773,190.1392,183.7888,276.5459,300.5281,209.1033,24.8232,286.2703,294.5581,199.417,166.9503,147.4413,79.3671,44.4628,86.277,33.8374,21.3278,19.5279,175.7993,163.5633,160.7211,143.6427,118.908,17.2961,140.2977,158.4163,25.1472,113.4187,21.8268,296.638,297.1636,304.6671,304.9179,266.8771,281.8888,283.86,285.7527,287.7106,302.2546,289.2595,305.9699
F:\projects\DP_Clinical_strains\DP Clinical Isolates results-20220505T053100Z-001\ DP Clinical Isolates results\ELI 17 R1_E. coli_E. coli__3_37_SBR_709_4#26#2022_A_24A_34.OKA,4/26/2022 2:33:07 PM,24-A,PM03B,ELI 17,"44    IF0a+Sodium Succinate/Ferric Citrate
45    IF0a+Sodium Succinate/Ferric Citrate
46    IF0a+Sodium Succinate/Ferric Citrate
47    IF0a+Sodium Succinate/Ferric Citrate
Name: Condition (Medium), dtype: object",E. coli,R1,30.25,211.1214,295.2662,32.5245,18.5669,14.8493,127.3491,296.6969,196.8445,270.9906,246.0811,20.8024,225.4616,304.5019,283.679,29.2809,11.0,34.2263,109.1608,11.0,175.2067,261.5468,298.527,270.2726,107.2695,60.8925,46.9223,284.8161,218.4875,18.959,11.0,144.6823,272.765,53.3544,170.1167,13.4198,202.7237,19.8941,19.2947,35.0001,11.0,13.4895,20.3766,93.5831,127.8261,100.9759,68.5006,43.0214,35.7919,25.8733,34.1109,91.8296,102.7432,72.4998,254.4031,89.8245,269.9295,196.3273,182.3257,275.8528,300.0063,198.4513,23.3221,281.7287,296.4775,198.599,161.6912,149.0522,76.0947,42.8474,87.3577,32.2641,30.0063,18.9902,183.0901,165.9394,157.3896,143.6798,120.1413,16.7253,143.1504,156.0859,22.4315,116.3871,27.0371,287.1719,292.1872,302.9295,301.1902,272.2313,280.8967,282.6003,281.4575,287.25,300.468,292.5199,307.2827
F:\projects\DP_Clinical_strains\DP Clinical Isolates results-20220505T053100Z-001\ DP Clinical Isolates results\ELI 17 R1_E. coli_E. coli__3_37_SBR_709_4#26#2022_A_24A_34.OKA,4/26/2022 2:33:07 PM,24-A,PM03B,ELI 17,"44    IF0a+Sodium Succinate/Ferric Citrate
45    IF0a+Sodium Succinate/Ferric Citrate
46    IF0a+Sodium Succinate/Ferric Citrate
47    IF0a+Sodium Succinate/Ferric Citrate
Name: Condition (Medium), dtype: object",E. coli,R1,30.5,217.8559,294.3969,33.3602,16.1254,11.0,135.2268,301.0935,210.8384,273.4793,253.4152,21.0989,219.0527,306.8637,287.4874,39.5589,12.8122,39.1146,122.9448,11.0,188.9789,270.864,300.6692,273.549,103.7194,60.2361,60.9906,287.2359,225.0916,21.1252,11.0,149.619,279.7649,61.4516,174.1598,13.8969,197.1476,23.7268,22.0791,38.4528,11.0,23.0679,22.7391,99.1448,135.5766,100.9759,67.6839,49.8112,37.7823,29.9448,43.707,96.3877,110.4736,80.9291,257.1411,100.7896,272.8157,218.6484,186.2785,277.4986,296.9787,209.8578,23.3972,285.0648,295.7693,203.0556,168.7409,154.3886,83.5625,51.2635,92.7711,33.8075,26.3382,19.547,183.8631,170.1791,160.7367,149.2891,131.7618,17.0033,151.3178,160.8195,20.3525,118.7794,21.2176,290.283,293.862,303.2145,304.2928,273.5719,281.2257,286.2436,287.0711,289.1045,304.1103,290.7589,307.623
F:\projects\DP_Clinical_strains\DP Clinical Isolates results-20220505T053100Z-001\ DP Clinical Isolates results\ELI 17 R1_E. coli_E. coli__3_37_SBR_709_4#26#2022_A_24A_34.OKA,4/26/2022 2:33:07 PM,24-A,PM03B,ELI 17,"44    IF0a+Sodium Succinate/Ferric Citrate
45    IF0a+Sodium Succinate/Ferric Citrate
46    IF0a+Sodium Succinate/Ferric Citrate
47    IF0a+Sodium Succinate/Ferric Citrate
Name: Condition (Medium), dtype: object",E. coli,R1,30.75,219.2208,298.3181,38.3802,20.2888,14.9798,136.7571,299.2733,212.9805,278.6339,255.2646,19.9163,227.1523,310.4503,288.6374,41.8375,12.7856,44.5088,128.7337,11.0,189.5113,267.114,300.0836,271.8361,111.1063,61.6335,66.9135,290.3711,221.6838,20.3566,11.0,156.1711,281.4974,68.331,179.3087,16.8737,204.6888,27.8317,19.0759,42.9462,11.0,18.0887,26.2233,97.9246,132.2353,104.6885,71.3644,57.3981,38.6322,31.2545,48.7283,99.1586,109.9678,81.7704,257.8453,101.8665,273.2589,227.0709,188.9159,279.671,300.2169,213.0131,23.56,286.0779,296.297,204.812,170.234,154.713,89.5746,55.4668,97.7758,35.9138,24.5723,23.4055,191.1136,172.4613,165.3197,155.0142,135.097,17.6954,158.2659,164.3228,23.689,124.2238,21.1943,291.2163,292.2173,303.8943,304.3108,275.0033,283.4426,281.4841,283.6903,288.1415,305.344,292.0883,309.4383
F:\projects\DP_Clinical_strains\DP Clinical Isolates results-20220505T053100Z-001\ DP Clinical Isolates results\ELI 17 R1_E. coli_E. coli__3_37_SBR_709_4#26#2022_A_24A_34.OKA,4/26/2022 2:33:07 PM,24-A,PM03B,ELI 17,"44    IF0a+Sodium Succinate/Ferric Citrate
45    IF0a+Sodium Succinate/Ferric Citrate
46    IF0a+Sodium Succinate/Ferric Citrate
47    IF0a+Sodium Succinate/Ferric Citrate
Name: Condition (Medium), dtype: object",E. coli,R1,31.0,225.94,294.2489,34.7865,16.6721,13.1907,141.2626,300.1622,219.3364,278.141,256.6413,23.8485,239.7518,309.0158,289.5005,42.6913,12.4054,45.9311,125.2792,11.0,195.1656,267.7413,299.0296,273.0557,109.9449,64.1641,69.4231,290.3427,228.109,17.2853,11.0,153.5848,280.6767,72.9884,177.8363,11.5058,205.8584,22.4899,22.8315,40.0609,11.0,15.6409,26.5465,98.645,136.9375,103.9384,70.7444,56.2561,39.7278,29.9181,56.2738,104.1392,109.3362,83.8769,260.9612,99.3768,275.5511,233.7067,186.9893,282.0085,294.281,214.6621,20.3003,287.4056,296.9978,207.3052,168.4811,156.0129,92.431,57.8926,99.7366,30.883,26.5928,20.2508,195.3267,174.8437,164.1886,157.4767,135.899,11.2929,153.6361,165.1516,28.0773,121.5512,24.8185,290.767,296.0335,304.519,302.3314,271.7437,285.6987,285.2441,282.469,286.2623,301.3871,293.8794,305.6846
F:\projects\DP_Clinical_strains\DP Clinical Isolates results-20220505T053100Z-001\ DP Clinical Isolates results\ELI 17 R1_E. coli_E. coli__3_37_SBR_709_4#26#2022_A_24A_34.OKA,4/26/2022 2:33:07 PM,24-A,PM03B,ELI 17,"44    IF0a+Sodium Succinate/Ferric Citrate
45    IF0a+Sodium Succinate/Ferric Citrate
46    IF0a+Sodium Succinate/Ferric Citrate
47    IF0a+Sodium Succinate/Ferric Citrate
Name: Condition (Medium), dtype: object",E. coli,R1,31.25,231.7991,296.2995,35.5283,16.4277,16.7216,143.1334,303.286,222.1193,278.4111,261.0963,23.512,240.8406,310.5578,292.1645,48.4499,17.4069,50.7115,137.0454,11.0,204.8864,270.5608,300.6364,275.2743,115.6889,68.1434,70.1707,289.2727,229.1503,21.9561,11.0,156.657,283.928,76.6499,184.3876,15.1381,207.7449,28.2251,22.631,42.8318,11.0,18.666,28.8374,98.2885,136.6335,104.0689,73.9511,57.2533,39.9354,31.8554,64.2008,109.4607,115.9067,85.7472,262.3863,102.8253,275.3285,240.8815,188.9917,279.9246,297.5827,221.2818,21.8329,288.9545,293.315,203.4908,170.681,160.1611,94.1812,61.5148,102.0714,30.4266,24.809,20.7679,191.5414,176.1007,166.0495,161.513,141.1756,16.9714,155.4603,169.5535,24.147,126.1144,20.9398,292.7768,295.7353,306.469,306.516,269.6751,283.4642,288.6465,286.1222,288.3585,305.4224,291.5762,304.5022
F:\projects\DP_Clinical_strains\DP Clinical Isolates results-20220505T053100Z-001\ DP Clinical Isolates results\ELI 17 R1_E. coli_E. coli__3_37_SBR_709_4#26#2022_A_24A_34.OKA,4/26/2022 2:33:07 PM,24-A,PM03B,ELI 17,"44    IF0a+Sodium Succinate/Ferric Citrate
45    IF0a+Sodium Succinate/Ferric Citrate
46    IF0a+Sodium Succinate/Ferric Citrate
47    IF0a+Sodium Succinate/Ferric Citrate
Name: Condition (Medium), dtype: object",E. coli,R1,31.5,239.9491,297.968,29.6065,14.5967,13.2032,145.7883,304.2987,231.0568,281.9044,260.9453,20.9595,236.9262,310.943,292.6246,54.5556,18.5647,59.8385,157.6082,11.0,212.5551,277.196,301.0287,277.6299,111.508,77.9028,83.5907,291.616,234.4857,21.3666,11.0,163.1815,289.0864,87.4398,188.7078,16.4066,202.1155,28.5506,17.6665,44.941,11.6339,18.642,29.7204,104.6933,142.8264,106.7473,73.957,60.0116,41.673,29.3774,72.7379,113.5668,119.6754,89.1348,266.0188,109.0007,275.4318,255.6276,190.2536,283.043,293.9772,233.2279,24.2624,292.179,295.3451,213.0359,173.554,162.5645,97.3261,66.6488,109.1357,33.4866,24.2803,17.8701,191.7115,175.5867,169.717,161.0037,143.7944,13.2039,159.6666,173.5741,26.718,126.9299,23.4962,293.8542,295.2611,305.2129,303.9439,270.5144,284.7554,286.5419,288.2248,288.2828,305.1381,289.3258,288.8366
F:\projects\DP_Clinical_strains\DP Clinical Isolates results-20220505T053100Z-001\ DP Clinical Isolates results\ELI 17 R1_E. coli_E. coli__3_37_SBR_709_4#26#2022_A_24A_34.OKA,4/26/2022 2:33:07 PM,24-A,PM03B,ELI 17,"44    IF0a+Sodium Succinate/Ferric Citrate
45    IF0a+Sodium Succinate/Ferric Citrate
46    IF0a+Sodium Succinate/Ferric Citrate
47    IF0a+Sodium Succinate/Ferric Citrate
Name: Condition (Medium), dtype: object",E. coli,R1,31.75,246.7562,299.8854,32.7064,17.5785,15.1604,155.5644,307.6873,236.9514,288.2014,266.2039,22.9701,244.3586,310.9632,299.7837,62.7998,23.7481,63.6942,172.5232,11.0,221.1226,282.8599,306.0695,285.774,113.9436,91.0516,93.4617,297.5779,237.631,20.8037,11.0,169.6633,290.5763,89.6384,194.1787,18.8594,208.011,29.7243,23.6014,49.3713,11.0,21.3666,37.0428,110.0424,147.1837,114.3116,77.8871,65.6123,45.5242,33.2714,83.1529,118.7856,125.1762,94.5064,272.358,117.4415,280.7426,266.0812,197.2987,283.6177,298.3875,241.4916,25.843,294.3228,297.4005,219.6426,179.168,168.6825,108.6906,74.2838,109.6812,33.7885,24.7292,18.0433,198.6212,181.3174,175.0901,164.5539,148.3379,15.3139,163.5953,177.1801,27.9689,128.669,26.9459,296.1835,298.9755,310.2024,308.8384,268.1285,282.3887,289.3613,288.209,289.1955,308.0384,293.0339,288.9476
F:\projects\DP_Clinical_strains\DP Clinical Isolates results-20220505T053100Z-001\ DP Clinical Isolates results\ELI 17 R1_E. coli_E. coli__3_37_SBR_709_4#26#2022_A_24A_34.OKA,4/26/2022 2:33:07 PM,24-A,PM03B,ELI 17,"44    IF0a+Sodium Succinate/Ferric Citrate
45    IF0a+Sodium Succinate/Ferric Citrate
46    IF0a+Sodium Succinate/Ferric Citrate
47    IF0a+Sodium Succinate/Ferric Citrate
Name: Condition (Medium), dtype: object",E. coli,R1,32.0,249.7258,300.4208,35.849,18.2432,14.8256,160.9509,306.2048,238.9711,289.1801,270.9766,24.2783,252.3732,313.5027,299.1741,59.4323,27.2681,68.1558,172.6061,11.0,220.4544,280.5191,301.9496,283.7382,116.7292,91.9256,95.4121,298.5588,237.5091,21.7903,11.0,171.7737,291.3065,92.4347,193.3565,16.853,206.9268,31.7699,28.6843,57.6483,11.0,18.5766,33.694,107.4147,152.4259,104.8259,77.4052,71.983,50.3887,35.1295,83.6367,123.1636,124.0377,94.2159,271.2092,117.9326,279.446,266.2499,198.1951,282.3311,298.1094,237.9751,24.1575,295.7647,300.22,220.5792,177.8366,163.8529,107.5261,75.0592,113.7763,31.7004,25.9706,20.597,197.4749,184.4068,176.5256,166.1332,153.3001,19.1139,163.41,181.5434,30.4715,130.491,24.9693,297.547,300.4222,309.1066,305.6633,265.7551,284.2328,289.4215,286.8254,290.8884,308.1998,291.5866,280.2615
F:\projects\DP_Clinical_strains\DP Clinical Isolates results-20220505T053100Z-001\ DP Clinical Isolates results\ELI 17 R1_E. coli_E. coli__3_37_SBR_709_4#26#2022_A_24A_34.OKA,4/26/2022 2:33:07 PM,24-A,PM03B,ELI 17,"44    IF0a+Sodium Succinate/Ferric Citrate
45    IF0a+Sodium Succinate/Ferric Citrate
46    IF0a+Sodium Succinate/Ferric Citrate
47    IF0a+Sodium Succinate/Ferric Citrate
Name: Condition (Medium), dtype: object",E. coli,R1,32.25,249.9727,294.9348,40.2503,24.9932,13.9507,161.7069,303.8878,240.6201,286.5648,267.3827,25.9298,264.0082,308.4467,293.956,48.998,14.3881,65.3347,169.1232,11.0,216.0548,277.4438,301.7364,281.909,128.728,93.1253,89.1069,292.7881,238.5796,19.9333,11.0,160.3665,282.5766,93.0642,196.2402,18.7131,224.4693,31.3613,24.7316,53.6625,11.0,23.6342,34.8845,109.1062,145.4917,110.3836,81.9942,74.4361,53.033,36.3806,78.2829,121.287,121.3288,95.8548,263.3329,113.9804,275.9379,258.7368,197.465,280.6366,296.6959,226.5999,25.6038,290.8286,298.1805,218.694,183.3008,169.182,109.1915,75.9955,114.4487,34.8169,26.5856,21.067,206.0703,190.784,178.6718,170.9989,155.162,18.6272,167.7032,181.9832,26.3782,144.3314,25.3291,292.1124,298.5727,308.2143,309.4465,264.3818,276.7918,292.2987,288.4911,291.4342,309.0189,291.393,284.0524
F:\projects\DP_Clinical_strains\DP Clinical Isolates results-20220505T053100Z-001\ DP Clinical Isolates results\ELI 17 R1_E. coli_E. coli__3_37_SBR_709_4#26#2022_A_24A_34.OKA,4/26/2022 2:33:07 PM,24-A,PM03B,ELI 17,"44    IF0a+Sodium Succinate/Ferric Citrate
45    IF0a+Sodium Succinate/Ferric Citrate
46    IF0a+Sodium Succinate/Ferric Citrate
47    IF0a+Sodium Succinate/Ferric Citrate
Name: Condition (Medium), dtype: object",E. coli,R1,32.5,249.3819,299.5341,38.9401,16.97,13.8428,162.4323,302.6955,245.0818,289.5836,272.0375,25.6109,266.4869,310.976,295.2522,49.3456,19.2282,65.6778,173.7101,11.0,221.2437,274.3015,299.9318,278.1124,133.4281,95.8674,103.863,295.2914,238.4245,22.6133,11.0,163.3585,282.2586,97.0799,197.7024,20.1216,223.3926,33.3157,27.6151,51.8569,11.0,24.0882,35.1081,106.1398,148.3573,111.3927,84.6435,74.0936,54.0045,34.7504,84.6692,126.2172,122.535,97.4071,267.1158,114.5171,274.6868,261.8001,198.5075,282.3924,302.0942,227.1973,26.379,289.6189,296.8618,221.8045,181.103,174.9272,114.7736,80.0704,116.3378,36.0037,24.8587,21.709,208.4474,187.9688,180.819,167.5125,155.1694,16.3266,168.0589,183.3103,22.651,149.9874,21.7607,294.4607,295.0658,303.6993,307.3529,265.5776,283.4634,290.1562,288.2149,290.024,306.4484,291.0111,288.4987
F:\projects\DP_Clinical_strains\DP Clinical Isolates results-20220505T053100Z-001\ DP Clinical Isolates results\ELI 17 R1_E. coli_E. coli__3_37_SBR_709_4#26#2022_A_24A_34.OKA,4/26/2022 2:33:07 PM,24-A,PM03B,ELI 17,"44    IF0a+Sodium Succinate/Ferric Citrate
45    IF0a+Sodium Succinate/Ferric Citrate
46    IF0a+Sodium Succinate/Ferric Citrate
47    IF0a+Sodium Succinate/Ferric Citrate
Name: Condition (Medium), dtype: object",E. coli,R1,32.75,250.8139,296.0239,45.1712,21.3864,16.7103,163.3482,303.8187,249.7498,289.7641,278.5973,21.4857,267.7645,308.1762,296.1434,48.7325,14.3536,69.8979,171.8521,11.0,215.6098,274.3595,300.5747,279.0093,141.8468,98.4149,103.2622,291.0592,242.1227,20.889,11.0,154.0665,279.2357,99.2729,197.053,13.5161,232.3091,34.5296,29.6607,56.4606,11.0,22.731,34.7661,104.7247,148.9724,111.8205,79.6319,73.3716,59.4123,34.7877,86.4053,129.5156,123.3633,96.272,264.6905,110.1326,273.6052,261.5369,200.5283,278.863,298.8619,224.3758,29.8095,283.7565,297.2356,223.7343,183.5508,176.0132,116.7607,81.991,123.2323,37.6581,28.5075,21.8094,214.861,193.2175,181.9046,173.6574,159.4951,16.4226,171.6805,185.1022,23.7277,157.7437,28.426,293.527,294.4646,303.2602,305.8631,267.746,279.3662,287.2419,284.3664,286.17,305.321,292.7137,289.7132
F:\projects\DP_Clinical_strains\DP Clinical Isolates results-20220505T053100Z-001\ DP Clinical Isolates results\ELI 17 R1_E. coli_E. coli__3_37_SBR_709_4#26#2022_A_24A_34.OKA,4/26/2022 2:33:07 PM,24-A,PM03B,ELI 17,"44    IF0a+Sodium Succinate/Ferric Citrate
45    IF0a+Sodium Succinate/Ferric Citrate
46    IF0a+Sodium Succinate/Ferric Citrate
47    IF0a+Sodium Succinate/Ferric Citrate
Name: Condition (Medium), dtype: object",E. coli,R1,33.0,251.6958,297.0766,39.8246,20.4583,15.4787,168.7569,304.1891,253.5376,293.0339,276.1245,19.461,268.1596,308.8852,296.3369,44.0504,15.7876,69.8743,183.4605,11.0,222.5163,271.0718,299.8726,279.5316,145.4572,100.3733,108.2692,294.2504,239.8194,23.3821,11.0,156.3244,281.3548,99.6877,198.5504,15.3336,232.4758,35.729,33.4073,56.4158,11.0,21.224,27.8666,101.2833,145.9132,111.6291,83.5782,78.385,59.1004,34.6286,85.0852,133.0436,123.6691,100.0152,266.3264,118.23,277.6321,261.0813,199.3465,275.8381,297.6191,230.061,27.5959,285.6339,299.4456,226.011,184.4661,178.584,113.1813,84.0878,125.7718,35.7234,24.9422,23.225,217.7523,197.7857,184.7162,177.2603,160.1415,15.7086,172.3823,183.5612,22.5101,160.7569,25.0651,290.6588,298.3533,303.1072,303.6162,266.132,276.1945,284.8644,282.3997,287.0647,307.2468,294.3333,292.969
F:\projects\DP_Clinical_strains\DP Clinical Isolates results-20220505T053100Z-001\ DP Clinical Isolates results\ELI 17 R1_E. coli_E. coli__3_37_SBR_709_4#26#2022_A_24A_34.OKA,4/26/2022 2:33:07 PM,24-A,PM03B,ELI 17,"44    IF0a+Sodium Succinate/Ferric Citrate
45    IF0a+Sodium Succinate/Ferric Citrate
46    IF0a+Sodium Succinate/Ferric Citrate
47    IF0a+Sodium Succinate/Ferric Citrate
Name: Condition (Medium), dtype: object",E. coli,R1,33.25,253.2215,297.9328,35.214,15.4763,12.8301,168.0687,302.6523,253.9693,292.3104,279.4076,19.6895,265.8228,306.9059,296.8287,49.2942,16.872,75.5448,189.4444,11.0,226.7942,270.292,298.3235,278.5938,150.2699,108.8045,107.1485,292.255,240.7091,20.6753,11.0,157.8769,279.5889,103.2051,201.7072,15.6005,233.1907,36.6374,28.2241,56.2175,11.0,20.9761,30.5275,109.4503,148.1849,109.616,82.1562,84.6131,62.1922,40.9591,88.6674,131.221,122.1593,96.9455,267.4622,115.8565,275.2516,263.856,197.3749,279.4859,301.2302,227.3127,23.3198,287.8094,298.8618,226.8447,189.0894,180.3868,119.3008,85.3118,124.5984,36.5162,29.0339,22.2447,221.521,197.5063,187.476,177.2202,163.9329,16.587,175.6972,190.4826,24.1079,164.1194,25.8545,292.6823,292.1109,301.9096,301.9978,267.9102,275.0112,286.994,283.1039,286.1129,306.4077,294.2899,296.6258
F:\projects\DP_Clinical_strains\DP Clinical Isolates results-20220505T053100Z-001\ DP Clinical Isolates results\ELI 17 R1_E. coli_E. coli__3_37_SBR_709_4#26#2022_A_24A_34.OKA,4/26/2022 2:33:07 PM,24-A,PM03B,ELI 17,"44    IF0a+Sodium Succinate/Ferric Citrate
45    IF0a+Sodium Succinate/Ferric Citrate
46    IF0a+Sodium Succinate/Ferric Citrate
47    IF0a+Sodium Succinate/Ferric Citrate
Name: Condition (Medium), dtype: object",E. coli,R1,33.5,256.3428,296.0804,42.5982,20.1287,14.7489,170.4554,303.4797,261.3658,293.9719,279.2884,25.4411,270.0067,308.631,296.3055,57.9579,19.7256,79.8903,196.2802,11.0,228.7816,269.9913,300.8,281.7598,150.0803,108.9895,112.9528,293.5206,248.1901,20.7923,11.0,160.985,280.5053,109.0624,206.9882,16.4242,241.2889,37.0866,27.7806,60.8584,11.0,21.052,32.8345,109.8727,148.2855,115.3424,86.8561,79.6526,63.8343,44.8949,90.9011,131.4244,119.1025,101.6325,267.4127,116.5382,276.7478,268.0065,198.6299,278.2067,297.4096,229.3415,27.7717,291.436,296.1098,228.6569,190.6688,184.1493,123.0949,87.9291,126.6463,40.2792,30.71,21.8005,221.3096,203.1813,192.2419,179.6287,168.6155,17.7915,178.4709,190.9056,24.9031,169.9712,26.3254,292.0757,293.9945,303.3546,303.8188,270.213,272.9276,287.6396,284.9876,289.3947,306.2742,289.1925,300.448
F:\projects\DP_Clinical_strains\DP Clinical Isolates results-20220505T053100Z-001\ DP Clinical Isolates results\ELI 17 R1_E. coli_E. coli__3_37_SBR_709_4#26#2022_A_24A_34.OKA,4/26/2022 2:33:07 PM,24-A,PM03B,ELI 17,"44    IF0a+Sodium Succinate/Ferric Citrate
45    IF0a+Sodium Succinate/Ferric Citrate
46    IF0a+Sodium Succinate/Ferric Citrate
47    IF0a+Sodium Succinate/Ferric Citrate
Name: Condition (Medium), dtype: object",E. coli,R1,33.75,259.5916,294.1223,37.7948,19.2664,12.5759,179.9172,305.243,265.1732,294.4178,283.0013,26.528,270.7987,309.9224,301.7184,59.7578,20.9178,87.0664,202.0188,11.0,231.2881,275.8004,303.3183,284.0382,149.9864,123.079,113.9068,292.5069,250.6609,23.429,11.0,165.5972,281.7621,110.2611,206.4539,17.5817,236.3071,38.121,32.0597,62.9165,11.0,27.9287,36.8261,110.3196,150.0523,116.7811,82.7028,85.8396,68.361,42.6064,101.3865,139.9263,126.5281,101.8558,266.1569,122.9641,276.7392,268.8099,201.4819,282.2297,302.2465,230.7325,30.4048,285.8135,299.2269,234.7957,191.5713,181.5225,120.7361,93.3292,132.4648,34.7948,26.3702,26.0852,229.2741,206.6139,193.7312,183.9165,172.6978,18.7103,183.6433,192.399,25.4336,178.6995,26.0989,290.8123,296.3259,307.4993,303.9449,274.4798,276.3491,289.2854,284.3664,289.4673,305.5967,289.1097,298.6301
F:\projects\DP_Clinical_strains\DP Clinical Isolates results-20220505T053100Z-001\ DP Clinical Isolates results\ELI 17 R1_E. coli_E. coli__3_37_SBR_709_4#26#2022_A_24A_34.OKA,4/26/2022 2:33:07 PM,24-A,PM03B,ELI 17,"44    IF0a+Sodium Succinate/Ferric Citrate
45    IF0a+Sodium Succinate/Ferric Citrate
46    IF0a+Sodium Succinate/Ferric Citrate
47    IF0a+Sodium Succinate/Ferric Citrate
Name: Condition (Medium), dtype: object",E. coli,R1,34.0,259.2386,296.772,38.4587,17.2218,19.9991,181.0449,306.0615,268.752,296.1588,282.5473,19.9932,272.92,311.4251,302.1114,67.6088,21.0386,86.0642,205.2474,11.0,232.7896,276.0809,301.8358,280.4025,151.0376,120.4559,118.9592,296.8764,250.6548,25.3384,11.0,161.4385,284.2365,112.375,210.6579,17.0128,240.9946,36.7566,33.6098,65.4597,11.0,24.0128,37.5936,108.4968,152.0801,117.6274,87.2631,88.3362,70.7186,46.9164,99.9638,140.125,128.7229,102.8423,268.892,122.4201,276.155,271.9225,201.0328,277.7966,298.6475,239.5363,27.4401,288.9514,300.5164,235.1961,193.2659,181.1146,128.3057,96.29,137.2057,33.2815,29.9241,22.699,233.035,207.2511,196.9254,185.7719,172.7491,12.5232,187.4766,191.2732,24.469,179.7934,25.7285,289.9172,294.6389,303.0138,305.2089,281.337,272.4706,283.8793,284.2881,289.5848,305.001,293.8363,301.6163
F:\projects\DP_Clinical_strains\DP Clinical Isolates results-20220505T053100Z-001\ DP Clinical Isolates results\ELI 17 R1_E. coli_E. coli__3_37_SBR_709_4#26#2022_A_24A_34.OKA,4/26/2022 2:33:07 PM,24-A,PM03B,ELI 17,"44    IF0a+Sodium Succinate/Ferric Citrate
45    IF0a+Sodium Succinate/Ferric Citrate
46    IF0a+Sodium Succinate/Ferric Citrate
47    IF0a+Sodium Succinate/Ferric Citrate
Name: Condition (Medium), dtype: object",E. coli,R1,34.25,260.8808,297.1249,41.1948,21.8194,14.1541,185.8597,307.7525,273.5901,298.4878,283.5161,23.7174,269.8839,311.151,300.8159,65.6121,26.7108,86.7069,212.3091,11.0,239.6842,277.6481,304.3116,280.6923,154.3511,130.6057,120.5252,295.1939,253.9293,22.3041,11.0,160.4146,285.6806,115.0997,212.0528,13.713,240.4809,35.1598,33.1374,66.0932,11.0,25.7887,35.0934,115.4548,149.3104,118.1281,85.8991,88.1535,73.3683,51.0344,98.3659,146.052,131.8069,103.7607,270.0902,126.3463,277.0883,272.134,207.4146,279.8698,302.8008,239.4793,28.6764,290.1689,299.4355,237.6604,195.6583,187.5581,129.9541,103.3968,134.7196,33.2064,29.8594,24.0169,239.5273,211.8842,198.8464,187.7069,175.3286,16.8148,190.7587,195.6382,24.5642,178.7623,24.0082,289.9729,296.6266,305.185,305.7986,282.7531,274.7233,287.9883,287.2939,289.9286,309.5867,294.4202,302.4194
F:\projects\DP_Clinical_strains\DP Clinical Isolates results-20220505T053100Z-001\ DP Clinical Isolates results\ELI 17 R1_E. coli_E. coli__3_37_SBR_709_4#26#2022_A_24A_34.OKA,4/26/2022 2:33:07 PM,24-A,PM03B,ELI 17,"44    IF0a+Sodium Succinate/Ferric Citrate
45    IF0a+Sodium Succinate/Ferric Citrate
46    IF0a+Sodium Succinate/Ferric Citrate
47    IF0a+Sodium Succinate/Ferric Citrate
Name: Condition (Medium), dtype: object",E. coli,R1,34.5,258.3332,295.8783,42.1128,22.445,12.7711,178.1485,300.8597,272.151,299.2725,280.5091,20.0768,271.2514,309.7307,299.7285,62.0087,19.0366,89.0697,209.6645,11.0,235.2066,273.1102,301.1245,280.0711,161.6874,129.8121,113.2525,294.0945,249.2902,20.3869,11.0,156.9364,278.1725,114.037,211.8751,15.8156,249.6889,32.3047,35.4611,63.1405,11.0,23.9644,31.5279,108.0098,147.4209,113.2933,86.8581,90.321,72.4064,51.7869,93.1926,140.3383,127.4756,105.0165,264.8011,121.6251,276.5262,268.9541,203.4037,280.7237,299.299,235.053,31.3863,288.4023,299.8718,238.1179,195.2395,186.618,131.6476,102.0602,139.2989,33.3618,26.5033,20.8896,239.8688,213.5786,199.8204,192.1062,177.5199,16.8016,187.6446,194.7138,25.7621,190.8919,30.0375,286.6256,294.7361,304.9837,302.7583,280.4991,276.9707,288.7587,282.3624,286.7048,301.6042,294.2357,304.2868
F:\projects\DP_Clinical_strains\DP Clinical Isolates results-20220505T053100Z-001\ DP Clinical Isolates results\ELI 17 R1_E. coli_E. coli__3_37_SBR_709_4#26#2022_A_24A_34.OKA,4/26/2022 2:33:07 PM,24-A,PM03B,ELI 17,"44    IF0a+Sodium Succinate/Ferric Citrate
45    IF0a+Sodium Succinate/Ferric Citrate
46    IF0a+Sodium Succinate/Ferric Citrate
47    IF0a+Sodium Succinate/Ferric Citrate
Name: Condition (Medium), dtype: object",E. coli,R1,34.75,268.7948,293.2066,43.1373,20.3794,19.7966,188.9826,309.6538,280.4067,302.9351,288.4492,26.6156,264.0361,311.8299,308.4679,84.6358,43.2116,107.9208,240.1692,11.0,254.6308,292.8903,304.9202,294.1869,138.746,183.9775,157.0968,301.6862,264.2286,22.6456,11.0,186.3617,298.2132,136.1788,225.0069,15.5567,211.8045,48.2928,36.2785,71.8765,11.0,24.7378,39.9199,117.4179,159.8781,120.3019,91.0304,91.1476,73.3453,55.9667,133.4603,154.7366,149.3788,114.2438,281.7552,140.3951,285.1649,286.2909,217.7847,290.8289,304.6844,258.0217,29.7773,300.7208,302.3299,250.704,194.8924,191.4321,135.8947,114.6073,143.7525,37.1591,23.3216,22.1124,250.6602,217.1981,208.1683,193.197,185.9847,16.7336,198.734,203.2334,25.3552,184.5516,23.866,298.7691,301.6407,310.3916,308.6367,285.856,287.5088,292.8944,294.5082,297.6957,313.2097,296.1905,304.5948
F:\projects\DP_Clinical_strains\DP Clinical Isolates results-20220505T053100Z-001\ DP Clinical Isolates results\ELI 17 R1_E. coli_E. coli__3_37_SBR_709_4#26#2022_A_24A_34.OKA,4/26/2022 2:33:07 PM,24-A,PM03B,ELI 17,"44    IF0a+Sodium Succinate/Ferric Citrate
45    IF0a+Sodium Succinate/Ferric Citrate
46    IF0a+Sodium Succinate/Ferric Citrate
47    IF0a+Sodium Succinate/Ferric Citrate
Name: Condition (Medium), dtype: object",E. coli,R1,35.0,261.797,296.7458,44.2929,22.105,15.0636,189.1603,306.0345,281.1624,302.4952,285.1699,25.4669,272.3522,312.1466,304.6709,70.8609,31.7423,101.8377,226.1939,11.0,246.8272,277.8825,304.3494,285.6599,172.7186,146.0417,132.3873,296.0777,257.1997,23.618,11.0,163.8155,284.1155,121.3219,218.4307,19.4931,244.0685,37.4915,40.1626,71.4855,11.0,29.7746,36.1063,113.423,152.041,122.7974,91.5498,97.1801,81.0275,56.362,107.2414,146.8137,140.0828,111.2308,272.1154,129.2592,277.9032,273.884,206.6303,279.7743,300.0994,243.7411,33.8419,289.8993,298.9293,244.9788,200.4141,192.0805,140.1228,111.2968,146.2985,37.6249,29.7833,20.7745,245.6,217.2932,204.9197,193.9558,184.8092,12.0111,195.6122,199.5231,24.9435,198.633,26.6436,289.8793,298.3216,306.29,303.6965,278.4186,281.1535,288.2788,283.6317,293.0532,307.0261,291.4267,308.1017
F:\projects\DP_Clinical_strains\DP Clinical Isolates results-20220505T053100Z-001\ DP Clinical Isolates results\ELI 17 R1_E. coli_E. coli__3_37_SBR_709_4#26#2022_A_24A_34.OKA,4/26/2022 2:33:07 PM,24-A,PM03B,ELI 17,"44    IF0a+Sodium Succinate/Ferric Citrate
45    IF0a+Sodium Succinate/Ferric Citrate
46    IF0a+Sodium Succinate/Ferric Citrate
47    IF0a+Sodium Succinate/Ferric Citrate
Name: Condition (Medium), dtype: object",E. coli,R1,35.25,263.7837,296.5102,44.3665,18.3875,19.5609,191.6274,304.7829,279.6872,301.0049,286.4092,21.8378,274.3998,312.2022,305.6667,71.6698,31.7775,104.4285,226.9567,11.0,245.7904,276.3948,303.5898,284.5195,186.5381,148.2122,139.4444,295.7644,259.0782,21.3833,11.0,164.1903,285.44,127.3445,219.1854,17.3335,247.4882,36.1115,36.4541,70.6901,11.0,23.5352,41.1189,110.758,156.5926,120.5858,90.3386,97.0638,83.4264,56.0709,112.002,150.4203,136.9961,113.2449,270.7857,129.1141,279.4427,273.4645,210.2579,280.0122,302.505,245.022,33.3263,288.5321,298.3267,245.8486,201.9411,195.9917,139.3476,112.7784,144.7151,35.072,25.8831,21.0902,247.2713,214.2196,206.5669,195.603,186.5399,16.2942,196.1239,200.4477,24.5849,203.7103,28.0957,289.8057,297.1204,307.178,306.6162,277.2708,273.6896,287.1748,285.3404,287.4611,306.4947,291.7866,305.6129
F:\projects\DP_Clinical_strains\DP Clinical Isolates results-20220505T053100Z-001\ DP Clinical Isolates results\ELI 17 R1_E. coli_E. coli__3_37_SBR_709_4#26#2022_A_24A_34.OKA,4/26/2022 2:33:07 PM,24-A,PM03B,ELI 17,"44    IF0a+Sodium Succinate/Ferric Citrate
45    IF0a+Sodium Succinate/Ferric Citrate
46    IF0a+Sodium Succinate/Ferric Citrate
47    IF0a+Sodium Succinate/Ferric Citrate
Name: Condition (Medium), dtype: object",E. coli,R1,35.5,270.6026,295.7912,47.2294,20.1002,16.5216,192.554,312.5173,288.7607,301.7895,292.1391,20.5836,267.7231,315.0421,311.2117,96.4357,46.0202,117.5233,247.2327,11.2247,261.8578,292.4044,307.8711,292.6601,157.5422,192.3245,168.5979,300.6802,266.337,19.6576,11.0,184.2285,297.923,145.6291,227.6143,17.6441,220.2204,58.1978,38.7433,77.525,11.0,25.3675,42.7672,122.0511,167.328,123.8882,91.5872,100.5507,80.2522,63.1259,140.1519,160.0643,151.6102,118.9936,280.9464,142.3736,282.914,287.6533,219.575,290.5633,299.1174,258.1512,41.48,301.0239,301.1062,255.0371,200.0278,199.1591,146.6891,121.3945,152.6027,37.9386,24.5259,22.2534,256.883,223.9213,212.487,200.7513,195.9687,16.3752,210.6861,212.7231,31.8409,202.1781,28.6935,297.5291,305.8919,310.3568,310.97,288.9525,283.2109,296.3719,296.029,295.0288,308.8749,296.3819,306.079
F:\projects\DP_Clinical_strains\DP Clinical Isolates results-20220505T053100Z-001\ DP Clinical Isolates results\ELI 17 R1_E. coli_E. coli__3_37_SBR_709_4#26#2022_A_24A_34.OKA,4/26/2022 2:33:07 PM,24-A,PM03B,ELI 17,"44    IF0a+Sodium Succinate/Ferric Citrate
45    IF0a+Sodium Succinate/Ferric Citrate
46    IF0a+Sodium Succinate/Ferric Citrate
47    IF0a+Sodium Succinate/Ferric Citrate
Name: Condition (Medium), dtype: object",E. coli,R1,35.75,261.8286,299.0234,43.8917,25.5342,14.7875,183.1544,308.305,285.2343,304.559,289.9905,23.9226,278.6605,310.3131,303.782,79.4625,36.9039,106.8349,229.6597,11.0,249.1671,276.2921,302.9854,284.093,194.8679,157.6277,149.1644,296.0778,260.8188,23.4686,11.0,165.7263,283.1991,132.7681,221.0392,17.6795,252.9216,45.1172,39.677,76.7109,11.0,27.4016,36.5868,114.5932,159.2897,122.0366,95.1892,100.3544,85.2715,61.5562,114.9921,156.2143,142.6236,114.606,271.7204,129.3248,278.9066,272.4878,215.2316,282.5831,297.7607,244.6047,43.3628,291.1601,301.5549,249.7865,206.5199,202.6283,146.2794,117.2421,149.7801,32.6171,32.1947,19.2129,254.2752,221.0245,215.1682,199.5633,190.307,19.0335,203.4286,204.6522,23.0676,211.2714,27.4816,292.0879,297.1014,303.0138,303.3071,283.276,270.1512,291.8083,284.5374,292.6717,307.5905,295.5502,307.1879
F:\projects\DP_Clinical_strains\DP Clinical Isolates results-20220505T053100Z-001\ DP Clinical Isolates results\ELI 17 R1_E. coli_E. coli__3_37_SBR_709_4#26#2022_A_24A_34.OKA,4/26/2022 2:33:07 PM,24-A,PM03B,ELI 17,"44    IF0a+Sodium Succinate/Ferric Citrate
45    IF0a+Sodium Succinate/Ferric Citrate
46    IF0a+Sodium Succinate/Ferric Citrate
47    IF0a+Sodium Succinate/Ferric Citrate
Name: Condition (Medium), dtype: object",E. coli,R1,36.0,265.3838,295.8954,42.9492,22.8533,13.0296,187.7804,307.4111,282.682,305.4344,288.7496,25.6573,279.134,309.8862,302.9265,84.8626,32.0517,113.5529,232.7739,11.0,253.3146,277.4321,300.9985,282.8257,199.3316,161.2868,153.4236,294.5732,264.3351,21.5644,11.0,164.0077,284.7449,131.464,221.6392,14.5147,254.7372,55.4601,38.9029,80.0303,11.0,23.5883,35.3083,116.4523,159.5642,119.1704,98.1174,106.4465,90.4603,61.4285,118.4197,153.4745,138.1004,113.5764,271.6141,134.0993,275.938,272.4783,214.7544,281.3791,301.3466,243.379,46.5387,289.5795,299.5663,248.4223,206.3033,200.9932,147.2515,116.8119,153.9502,36.3472,29.0635,19.4378,255.5362,220.9579,217.7007,203.9521,191.8518,13.0732,204.5242,206.1521,27.2975,213.3028,27.6749,289.6933,298.4913,306.8323,306.981,280.1422,273.695,293.7015,281.4309,291.223,307.4283,298.1639,306.4261
F:\projects\DP_Clinical_strains\DP Clinical Isolates results-20220505T053100Z-001\ DP Clinical Isolates results\ELI 17 R1_E. coli_E. coli__3_37_SBR_709_4#26#2022_A_24A_34.OKA,4/26/2022 2:33:07 PM,24-A,PM03B,ELI 17,"44    IF0a+Sodium Succinate/Ferric Citrate
45    IF0a+Sodium Succinate/Ferric Citrate
46    IF0a+Sodium Succinate/Ferric Citrate
47    IF0a+Sodium Succinate/Ferric Citrate
Name: Condition (Medium), dtype: object",E. coli,R1,36.25,263.2956,298.0242,47.5518,23.819,13.9476,184.2752,307.6083,286.2201,304.1222,289.222,24.3967,276.8055,311.2953,303.428,94.3181,37.341,116.7618,239.8683,11.0,252.2706,277.5927,301.3377,284.023,202.1088,166.0991,156.8447,295.9729,261.5815,22.2463,11.0,165.9051,282.7957,139.4884,222.6412,18.2368,254.6112,56.5536,45.0,81.4549,11.0,30.7496,37.1756,115.5313,157.6527,121.0461,94.7868,106.2189,90.7685,66.0355,122.4099,160.0618,142.2609,117.3376,273.3566,133.9765,279.7109,274.7953,213.3534,279.7514,299.0636,243.3921,46.7352,288.5751,300.6435,251.4183,208.9342,203.7494,151.9262,121.0074,155.829,37.6815,28.014,21.0896,255.1322,226.1227,219.7645,205.0823,200.5106,20.4573,209.8532,208.4007,23.6096,218.6862,28.083,293.2792,301.7551,304.7554,305.599,286.3526,280.7159,287.5894,282.3138,289.3887,307.6538,298.5191,309.9702
F:\projects\DP_Clinical_strains\DP Clinical Isolates results-20220505T053100Z-001\ DP Clinical Isolates results\ELI 17 R1_E. coli_E. coli__3_37_SBR_709_4#26#2022_A_24A_34.OKA,4/26/2022 2:33:07 PM,24-A,PM03B,ELI 17,"44    IF0a+Sodium Succinate/Ferric Citrate
45    IF0a+Sodium Succinate/Ferric Citrate
46    IF0a+Sodium Succinate/Ferric Citrate
47    IF0a+Sodium Succinate/Ferric Citrate
Name: Condition (Medium), dtype: object",E. coli,R1,36.5,266.2723,298.8642,47.2155,18.0533,16.6782,191.9001,307.6027,289.3591,304.5109,292.3344,21.9517,278.9542,313.4505,308.4081,115.4893,45.9696,124.7351,242.3665,11.2889,257.548,279.4478,303.4175,287.6986,190.5705,180.5364,172.0975,301.2828,265.4265,24.2408,11.0,172.1167,286.8524,143.1569,224.9469,17.5037,250.3372,60.1477,39.8546,85.891,11.0,27.3399,43.5009,119.131,163.6054,124.535,96.4846,105.836,91.148,70.7381,136.8539,160.0215,145.1461,120.2694,276.3799,139.2656,280.8726,282.526,219.0121,282.2712,300.6207,249.4888,52.6561,293.6071,299.4288,254.5542,209.9615,204.3425,147.5249,126.8947,159.4901,37.2771,27.3979,20.8246,257.692,227.6232,220.7859,204.5021,197.5071,19.1843,209.5722,217.5251,27.2609,224.0066,28.7975,295.1017,295.6339,307.3309,305.6102,287.4536,275.0569,288.8947,287.3302,286.8691,308.7768,291.95,309.6721
F:\projects\DP_Clinical_strains\DP Clinical Isolates results-20220505T053100Z-001\ DP Clinical Isolates results\ELI 17 R1_E. coli_E. coli__3_37_SBR_709_4#26#2022_A_24A_34.OKA,4/26/2022 2:33:07 PM,24-A,PM03B,ELI 17,"44    IF0a+Sodium Succinate/Ferric Citrate
45    IF0a+Sodium Succinate/Ferric Citrate
46    IF0a+Sodium Succinate/Ferric Citrate
47    IF0a+Sodium Succinate/Ferric Citrate
Name: Condition (Medium), dtype: object",E. coli,R1,36.75,267.6879,301.5612,43.9421,22.7428,14.0555,192.5547,305.8233,293.4967,308.8091,294.0462,24.365,281.9245,313.4679,311.5452,130.6266,58.5444,139.8832,251.1827,11.0,265.3221,286.1271,307.0281,291.1008,194.6089,192.8416,184.614,304.6256,266.999,26.1682,11.0,177.8131,291.2845,148.8533,230.2675,19.1683,246.7529,71.1433,43.7691,88.9062,11.0,29.1872,46.1151,125.4662,171.5779,124.2363,100.0482,107.9579,91.3264,71.8498,137.6433,171.7526,151.6697,129.226,278.048,145.3717,283.3077,284.8278,224.0439,283.7854,301.0695,257.051,57.242,296.4115,303.5279,255.4279,212.4516,207.4711,155.3072,131.8024,165.1679,34.9887,30.1313,23.6206,263.0296,229.6738,226.7553,207.888,201.0019,17.1636,214.8869,220.2095,32.0,223.9905,27.0548,297.8159,299.7564,309.2076,308.7956,282.1147,279.471,294.8868,288.0555,289.9236,307.1101,295.0558,310.9886
F:\projects\DP_Clinical_strains\DP Clinical Isolates results-20220505T053100Z-001\ DP Clinical Isolates results\ELI 17 R1_E. coli_E. coli__3_37_SBR_709_4#26#2022_A_24A_34.OKA,4/26/2022 2:33:07 PM,24-A,PM03B,ELI 17,"44    IF0a+Sodium Succinate/Ferric Citrate
45    IF0a+Sodium Succinate/Ferric Citrate
46    IF0a+Sodium Succinate/Ferric Citrate
47    IF0a+Sodium Succinate/Ferric Citrate
Name: Condition (Medium), dtype: object",E. coli,R1,37.0,270.4537,303.2721,43.9032,19.7353,16.0246,194.4847,311.595,296.0252,307.0577,293.0443,26.0689,282.2054,312.2758,311.8878,140.2334,65.2988,149.4533,253.9124,11.0,269.917,285.1169,305.4136,290.799,188.8002,201.4391,188.8557,303.0991,270.7452,25.7098,11.0,183.4745,293.2236,150.417,233.7823,17.3657,243.159,78.3572,45.736,91.4879,11.0,31.8911,48.4303,123.6115,171.9269,126.2392,97.6819,114.3266,93.5952,75.1332,149.0715,175.0829,157.3625,127.3399,278.6394,150.2841,282.6989,286.1172,228.4173,287.4508,299.9344,258.3271,56.4001,296.0726,300.1903,260.1681,209.7306,207.5331,156.0326,135.6974,164.3571,33.5927,26.0505,24.361,262.3855,230.58,225.3215,209.202,204.1114,15.5594,217.1932,222.1447,27.9351,221.1865,26.167,298.001,301.6116,309.5565,308.2665,280.9239,276.8456,289.674,287.8974,292.6933,307.3254,297.103,311.7498
F:\projects\DP_Clinical_strains\DP Clinical Isolates results-20220505T053100Z-001\ DP Clinical Isolates results\ELI 17 R1_E. coli_E. coli__3_37_SBR_709_4#26#2022_A_24A_34.OKA,4/26/2022 2:33:07 PM,24-A,PM03B,ELI 17,"44    IF0a+Sodium Succinate/Ferric Citrate
45    IF0a+Sodium Succinate/Ferric Citrate
46    IF0a+Sodium Succinate/Ferric Citrate
47    IF0a+Sodium Succinate/Ferric Citrate
Name: Condition (Medium), dtype: object",E. coli,R1,37.25,269.8984,299.6996,40.0022,21.2645,11.6783,188.7132,307.6029,293.5154,306.9285,294.7701,20.4557,284.2581,311.5159,311.0595,139.5116,56.3116,137.1648,253.2442,11.0,267.1043,283.3026,308.4682,289.8514,194.4932,196.071,187.2094,305.7062,270.4764,23.0855,11.0,179.0896,291.5556,148.5186,238.1557,20.0319,252.5598,75.6637,44.3263,92.4384,11.0,30.7241,46.1783,124.9808,171.1906,129.6561,98.7268,116.6194,93.4738,75.2658,142.6776,173.6079,158.4875,129.8951,280.8919,149.3699,282.9531,285.3936,220.702,286.9137,300.9773,254.9587,57.9713,295.545,301.9015,257.7256,214.3963,207.3935,158.1962,136.9928,164.1494,34.998,27.4699,20.6138,262.3761,231.7046,233.5187,210.1553,204.7256,15.8347,217.6062,217.7576,26.5673,227.8004,25.4934,296.581,301.8669,309.5576,307.9734,283.6667,277.1835,292.9336,289.5854,290.1137,304.2801,296.0394,313.3139
F:\projects\DP_Clinical_strains\DP Clinical Isolates results-20220505T053100Z-001\ DP Clinical Isolates results\ELI 17 R1_E. coli_E. coli__3_37_SBR_709_4#26#2022_A_24A_34.OKA,4/26/2022 2:33:07 PM,24-A,PM03B,ELI 17,"44    IF0a+Sodium Succinate/Ferric Citrate
45    IF0a+Sodium Succinate/Ferric Citrate
46    IF0a+Sodium Succinate/Ferric Citrate
47    IF0a+Sodium Succinate/Ferric Citrate
Name: Condition (Medium), dtype: object",E. coli,R1,37.5,267.8401,297.1042,47.2143,22.4361,12.5164,179.2882,304.164,291.3877,306.4847,290.0456,24.6071,286.0451,312.6609,305.6367,117.6096,45.0502,136.2916,249.0347,11.0,261.7293,277.0361,304.927,286.8501,205.7904,182.634,173.483,297.9794,268.9605,22.1502,11.2515,164.5079,282.2329,148.5486,231.6479,19.1917,263.1144,75.2794,49.8581,88.5691,11.0,27.9627,38.3592,120.7454,166.3169,125.2889,103.5518,113.8344,98.7684,77.505,130.6806,170.0306,144.1504,122.9462,274.1708,144.4524,278.0174,277.5287,216.2684,277.5443,304.0612,246.6006,58.6564,289.2571,298.8823,259.6923,216.0337,214.488,162.0905,137.9271,165.864,38.5986,28.1167,22.3919,262.1589,237.6213,232.6738,212.5682,205.4678,18.1609,220.4166,220.6796,24.8804,231.2675,27.7703,293.4351,296.9169,306.3328,305.1844,290.2993,275.617,291.0325,286.353,286.6686,307.5654,295.1615,310.3098
F:\projects\DP_Clinical_strains\DP Clinical Isolates results-20220505T053100Z-001\ DP Clinical Isolates results\ELI 17 R1_E. coli_E. coli__3_37_SBR_709_4#26#2022_A_24A_34.OKA,4/26/2022 2:33:07 PM,24-A,PM03B,ELI 17,"44    IF0a+Sodium Succinate/Ferric Citrate
45    IF0a+Sodium Succinate/Ferric Citrate
46    IF0a+Sodium Succinate/Ferric Citrate
47    IF0a+Sodium Succinate/Ferric Citrate
Name: Condition (Medium), dtype: object",E. coli,R1,37.75,265.5232,298.7823,45.8967,19.6149,16.0691,185.934,306.0165,294.9856,308.7079,289.6203,22.2564,287.5468,311.2649,310.1139,130.3702,50.3466,142.1764,250.0184,11.0,265.2976,278.8886,302.4523,287.7339,206.9426,196.2306,184.836,299.8154,272.7185,23.6193,11.0,169.3974,285.2412,147.2253,235.5253,19.1912,259.7729,74.2743,46.0739,95.9687,11.0,29.8161,44.2595,119.5972,166.2781,125.0876,101.1505,116.0914,100.7818,80.5621,136.3487,172.2481,152.5277,125.9523,277.324,145.0182,277.5759,278.1284,222.0732,279.4227,298.2221,246.3479,60.5544,289.943,301.6105,257.7793,219.7561,216.1292,164.7126,137.9476,164.1511,36.6338,32.1531,22.2566,264.0447,236.0134,236.8651,217.6859,210.2198,18.6275,222.7431,223.948,27.908,234.7795,28.3337,293.864,297.7082,304.4008,304.75,290.1679,273.9842,286.8766,285.0276,283.4603,307.5837,292.9922,311.9666
F:\projects\DP_Clinical_strains\DP Clinical Isolates results-20220505T053100Z-001\ DP Clinical Isolates results\ELI 17 R1_E. coli_E. coli__3_37_SBR_709_4#26#2022_A_24A_34.OKA,4/26/2022 2:33:07 PM,24-A,PM03B,ELI 17,"44    IF0a+Sodium Succinate/Ferric Citrate
45    IF0a+Sodium Succinate/Ferric Citrate
46    IF0a+Sodium Succinate/Ferric Citrate
47    IF0a+Sodium Succinate/Ferric Citrate
Name: Condition (Medium), dtype: object",E. coli,R1,38.0,266.9279,298.0815,43.0465,18.8302,18.3757,187.664,306.8496,297.5612,309.0874,293.9478,26.9406,286.0488,315.5471,310.6425,145.0546,63.393,150.9132,255.5888,13.9257,267.0124,283.2834,307.2016,290.3918,206.9884,217.4943,195.4376,302.4633,274.7209,20.3901,11.0,180.7885,290.3398,155.2672,238.5413,19.3752,256.1827,80.5727,49.8509,98.1562,11.0,30.6213,45.95,119.3631,169.3179,131.4879,100.7463,118.2558,100.1293,84.278,153.0916,179.5134,157.6919,132.4466,279.8129,143.8425,282.0352,283.6469,222.9229,285.9164,301.2555,252.0644,58.4282,294.3971,301.7588,263.2217,217.0042,218.4144,162.6527,143.2286,167.6598,35.5914,24.3273,24.2408,270.7006,235.8518,236.6672,215.4808,207.3983,20.0776,223.5161,226.1124,24.8034,237.9491,25.8708,295.8496,296.8871,307.2991,307.0496,292.5178,276.3665,290.7778,289.8647,288.4807,308.3622,294.3225,311.2134
F:\projects\DP_Clinical_strains\DP Clinical Isolates results-20220505T053100Z-001\ DP Clinical Isolates results\ELI 17 R1_E. coli_E. coli__3_37_SBR_709_4#26#2022_A_24A_34.OKA,4/26/2022 2:33:07 PM,24-A,PM03B,ELI 17,"44    IF0a+Sodium Succinate/Ferric Citrate
45    IF0a+Sodium Succinate/Ferric Citrate
46    IF0a+Sodium Succinate/Ferric Citrate
47    IF0a+Sodium Succinate/Ferric Citrate
Name: Condition (Medium), dtype: object",E. coli,R1,38.25,268.3618,295.9843,53.9576,19.5227,11.7435,183.4252,304.9196,294.2068,309.8376,292.3033,23.0945,289.4292,313.4889,307.3795,139.5592,49.5649,150.5532,251.0984,11.0,267.7623,278.9272,306.4164,288.3948,215.3146,212.1721,187.2547,300.2309,272.7469,22.3885,11.0,172.5243,289.2115,153.5229,236.3381,16.5154,263.4107,78.3311,48.5095,96.8179,11.0,26.6378,45.34,118.9158,167.1218,128.1468,104.1152,121.0813,102.3139,87.2377,142.331,178.0871,154.7113,128.7669,274.2863,142.891,276.633,278.4426,224.9333,281.3649,300.6224,252.5996,66.3914,289.1081,301.5897,260.4367,220.1224,220.7382,169.4486,145.5807,169.6111,32.9855,28.2284,19.5823,266.7786,239.7505,239.459,220.3817,212.7621,17.4114,224.9058,227.1164,23.3326,237.5115,27.6134,295.8683,298.5396,307.5623,305.1279,291.3064,276.5269,288.3646,286.4829,288.2291,310.443,293.7252,312.7702
F:\projects\DP_Clinical_strains\DP Clinical Isolates results-20220505T053100Z-001\ DP Clinical Isolates results\ELI 17 R1_E. coli_E. coli__3_37_SBR_709_4#26#2022_A_24A_34.OKA,4/26/2022 2:33:07 PM,24-A,PM03B,ELI 17,"44    IF0a+Sodium Succinate/Ferric Citrate
45    IF0a+Sodium Succinate/Ferric Citrate
46    IF0a+Sodium Succinate/Ferric Citrate
47    IF0a+Sodium Succinate/Ferric Citrate
Name: Condition (Medium), dtype: object",E. coli,R1,38.5,264.717,298.3361,54.5433,19.7622,17.8079,183.7099,306.3185,295.8781,308.516,293.1218,20.9833,286.7238,311.6543,310.025,143.1709,53.6658,154.1306,254.2997,11.6414,267.1353,281.3317,304.0554,288.9595,217.566,212.7109,193.4908,302.1494,274.4848,22.9377,11.0,171.5684,286.0925,157.1677,243.5,17.8391,261.0292,82.0417,52.1655,100.0875,11.0,26.638,44.5228,121.939,166.6116,129.1954,101.5487,122.3698,105.355,92.6487,146.5091,179.8742,152.9568,131.2674,277.8899,145.5434,282.5901,279.641,221.3311,283.9654,303.807,250.5005,69.9428,293.2126,301.4646,263.684,219.7347,227.2551,169.4563,146.145,168.859,37.0729,31.1033,19.5656,267.5241,237.4872,241.6751,225.6236,215.9292,12.1713,230.7663,229.8711,26.9266,236.9871,27.7071,297.2264,300.7862,308.4504,305.7997,288.5915,277.0375,291.4251,287.2923,287.4582,310.8824,297.3385,313.7525
F:\projects\DP_Clinical_strains\DP Clinical Isolates results-20220505T053100Z-001\ DP Clinical Isolates results\ELI 17 R1_E. coli_E. coli__3_37_SBR_709_4#26#2022_A_24A_34.OKA,4/26/2022 2:33:07 PM,24-A,PM03B,ELI 17,"44    IF0a+Sodium Succinate/Ferric Citrate
45    IF0a+Sodium Succinate/Ferric Citrate
46    IF0a+Sodium Succinate/Ferric Citrate
47    IF0a+Sodium Succinate/Ferric Citrate
Name: Condition (Medium), dtype: object",E. coli,R1,38.75,264.5184,298.8867,55.4063,20.7556,19.2132,185.0193,309.603,294.2491,305.1865,292.986,24.7431,287.5892,312.0547,308.5888,143.8397,56.5458,154.0048,253.7465,13.4086,266.687,274.4258,305.0604,286.4225,222.5439,209.1134,189.9052,299.2155,277.5533,21.6623,11.0,169.4632,284.3272,155.1296,239.1877,15.4333,268.0357,78.97,52.4823,105.8004,11.0,30.3372,37.6554,116.1006,165.7515,127.8726,103.6556,123.2726,107.3682,94.2957,141.9565,178.2049,155.4348,130.9132,273.741,141.7816,279.2005,276.9232,223.194,279.0545,299.5677,249.5009,68.6838,289.7737,303.7585,264.5699,222.2899,227.4316,169.9765,144.9421,169.1604,41.4817,29.545,22.0373,271.8081,239.8562,241.5363,226.2912,218.6353,12.2064,234.6504,230.1765,26.7994,239.6384,29.3195,297.5258,295.2528,306.2267,306.1603,287.2958,274.1402,284.6234,283.6858,284.8505,307.7339,296.6031,312.6991
F:\projects\DP_Clinical_strains\DP Clinical Isolates results-20220505T053100Z-001\ DP Clinical Isolates results\ELI 17 R1_E. coli_E. coli__3_37_SBR_709_4#26#2022_A_24A_34.OKA,4/26/2022 2:33:07 PM,24-A,PM03B,ELI 17,"44    IF0a+Sodium Succinate/Ferric Citrate
45    IF0a+Sodium Succinate/Ferric Citrate
46    IF0a+Sodium Succinate/Ferric Citrate
47    IF0a+Sodium Succinate/Ferric Citrate
Name: Condition (Medium), dtype: object",E. coli,R1,39.0,271.2932,297.2726,61.1929,20.6648,16.3582,190.5222,307.913,292.9472,306.3785,289.0212,20.9481,289.6603,313.0266,308.646,154.4041,57.8506,158.6796,255.6735,11.0,268.6781,275.752,301.6974,287.9373,224.8781,216.2049,193.9581,298.3777,277.0076,24.2267,11.0,171.5193,286.9069,160.6568,238.505,19.3554,267.0574,84.4437,53.9228,103.9333,11.0,29.0008,42.1184,122.081,169.3631,129.3696,103.9112,125.3518,113.4738,95.5774,153.9038,181.8496,157.598,132.2753,276.2633,146.8426,280.4766,279.662,224.1875,284.6462,301.8261,250.8694,71.737,292.3182,302.9078,267.3068,223.0482,228.312,175.0529,151.6962,172.4942,36.9518,31.7193,25.7821,268.0158,242.9703,244.3015,228.6023,218.7785,17.2238,238.3871,234.9865,22.7992,242.5669,27.3112,292.6462,295.6394,307.8217,305.5762,283.9492,270.2222,289.6245,282.5441,288.2563,309.6933,296.1096,311.0417
F:\projects\DP_Clinical_strains\DP Clinical Isolates results-20220505T053100Z-001\ DP Clinical Isolates results\ELI 17 R1_E. coli_E. coli__3_37_SBR_709_4#26#2022_A_24A_34.OKA,4/26/2022 2:33:07 PM,24-A,PM03B,ELI 17,"44    IF0a+Sodium Succinate/Ferric Citrate
45    IF0a+Sodium Succinate/Ferric Citrate
46    IF0a+Sodium Succinate/Ferric Citrate
47    IF0a+Sodium Succinate/Ferric Citrate
Name: Condition (Medium), dtype: object",E. coli,R1,39.25,268.5068,298.2794,60.3323,18.561,13.1914,193.9171,307.8279,292.149,306.584,291.9867,25.8088,291.4553,310.7861,307.7476,151.7494,61.171,159.3001,257.8882,12.0616,268.9826,272.6481,302.7726,287.239,231.0508,217.3951,192.4834,299.1758,276.9333,19.5943,11.0,169.3183,281.847,153.7187,236.7594,16.4382,273.5147,83.0729,51.3028,106.6124,11.0,25.6663,41.9137,119.1848,164.7781,128.263,106.8188,126.1833,108.9321,93.1155,149.4979,182.9024,153.8005,133.6365,276.9789,139.7123,278.8191,276.9584,225.5934,279.9615,303.4131,246.6535,79.0585,287.7739,300.6078,262.4183,223.4677,234.2666,172.4809,149.9106,177.4955,33.9093,27.7612,19.1019,270.5753,246.0134,245.6947,231.2201,219.6221,15.3152,236.5174,233.3572,25.3498,241.9517,29.5135,294.3654,297.3109,306.8457,303.3867,284.3303,272.0899,288.5751,282.8175,289.5291,307.7374,295.3406,311.6735
F:\projects\DP_Clinical_strains\DP Clinical Isolates results-20220505T053100Z-001\ DP Clinical Isolates results\ELI 17 R1_E. coli_E. coli__3_37_SBR_709_4#26#2022_A_24A_34.OKA,4/26/2022 2:33:07 PM,24-A,PM03B,ELI 17,"44    IF0a+Sodium Succinate/Ferric Citrate
45    IF0a+Sodium Succinate/Ferric Citrate
46    IF0a+Sodium Succinate/Ferric Citrate
47    IF0a+Sodium Succinate/Ferric Citrate
Name: Condition (Medium), dtype: object",E. coli,R1,39.5,269.2531,295.1501,59.1498,20.4145,13.639,198.8555,307.9984,292.4236,308.9815,290.86,26.381,291.9831,312.3945,307.7011,161.2128,58.9408,163.0879,259.565,13.638,268.6121,275.4662,301.4587,287.2641,229.5266,226.6965,195.0942,297.9163,278.2207,24.2478,11.0,168.6541,284.5679,159.3559,241.1419,17.2639,270.6412,87.1297,55.9634,107.5222,11.0,25.6719,41.8577,117.7062,169.2939,126.4966,103.8566,127.5827,112.1978,101.342,151.4845,184.8009,155.6713,131.7274,277.3165,146.9489,280.6859,279.5022,225.9784,280.2884,302.4078,244.8628,78.065,291.3457,304.6727,269.6493,227.8053,233.4607,176.6266,151.8719,177.6239,33.9447,33.6959,21.5972,271.4176,244.8186,248.6771,237.8351,223.5,19.3384,240.8188,235.3127,26.8749,243.3574,27.9065,295.5317,298.551,304.4034,303.6749,284.6288,273.1013,289.643,285.3823,288.2447,308.4836,293.6469,311.0949
F:\projects\DP_Clinical_strains\DP Clinical Isolates results-20220505T053100Z-001\ DP Clinical Isolates results\ELI 17 R1_E. coli_E. coli__3_37_SBR_709_4#26#2022_A_24A_34.OKA,4/26/2022 2:33:07 PM,24-A,PM03B,ELI 17,"44    IF0a+Sodium Succinate/Ferric Citrate
45    IF0a+Sodium Succinate/Ferric Citrate
46    IF0a+Sodium Succinate/Ferric Citrate
47    IF0a+Sodium Succinate/Ferric Citrate
Name: Condition (Medium), dtype: object",E. coli,R1,39.75,272.2592,296.1047,62.1658,22.1344,16.1174,203.7892,304.9085,295.1347,309.938,292.1494,23.6678,291.9317,312.555,308.7191,169.839,68.9062,166.9459,258.8845,15.546,273.022,276.9476,303.1137,288.8072,231.3203,230.9022,201.2894,298.6478,281.0481,19.3811,11.0,174.2531,285.8571,163.3817,240.2196,19.6011,271.5189,89.5706,56.1204,109.8036,11.0,31.0648,42.1961,114.8489,165.844,130.1147,107.3998,130.985,113.6703,104.4056,155.4595,189.675,158.7758,138.9805,275.9727,147.5707,279.8983,279.0062,230.1601,283.6469,303.6692,248.9987,76.8768,289.6734,303.4356,270.668,225.5631,237.547,178.9433,153.8289,177.6515,37.6115,30.2705,18.4165,269.5602,247.6124,250.8925,240.3486,225.1702,21.3146,242.1647,240.5735,26.1076,247.8616,25.5105,297.2421,298.9191,306.7853,305.1941,289.7726,274.8751,288.6389,283.9794,290.048,307.8108,295.5732,313.2871
F:\projects\DP_Clinical_strains\DP Clinical Isolates results-20220505T053100Z-001\ DP Clinical Isolates results\ELI 17 R1_E. coli_E. coli__3_37_SBR_709_4#26#2022_A_24A_34.OKA,4/26/2022 2:33:07 PM,24-A,PM03B,ELI 17,"44    IF0a+Sodium Succinate/Ferric Citrate
45    IF0a+Sodium Succinate/Ferric Citrate
46    IF0a+Sodium Succinate/Ferric Citrate
47    IF0a+Sodium Succinate/Ferric Citrate
Name: Condition (Medium), dtype: object",E. coli,R1,40.0,270.2682,294.0245,63.0255,19.1294,12.1289,205.6214,305.0129,292.0991,308.27,292.9647,25.1289,290.7873,311.7872,310.7495,169.1822,66.0653,167.0225,258.4476,18.1849,273.5176,276.0131,306.1935,286.8805,236.5215,232.3864,199.1342,301.6379,277.3851,19.341,11.0,170.0335,285.2673,164.64,245.1287,18.3265,276.1587,88.2984,58.4907,107.0552,11.0,21.9165,36.8767,118.5953,168.3536,130.8855,102.3204,128.6612,111.6563,99.6893,156.4664,189.1255,154.5061,139.0098,276.0466,145.3045,280.681,277.3704,231.304,281.5907,302.2159,249.1277,79.1229,291.0256,303.3246,268.6252,226.3751,241.476,179.9509,158.9402,174.2039,36.7919,28.7457,18.5306,274.257,252.0477,251.598,241.1794,227.9426,16.3913,240.1293,241.942,21.5461,246.9906,23.6347,295.0174,296.7198,306.043,305.3017,290.0081,276.5146,280.821,280.0403,287.4297,307.9006,289.9368,316.8166
F:\projects\DP_Clinical_strains\DP Clinical Isolates results-20220505T053100Z-001\ DP Clinical Isolates results\ELI 17 R1_E. coli_E. coli__3_37_SBR_709_4#26#2022_A_24A_34.OKA,4/26/2022 2:33:07 PM,24-A,PM03B,ELI 17,"44    IF0a+Sodium Succinate/Ferric Citrate
45    IF0a+Sodium Succinate/Ferric Citrate
46    IF0a+Sodium Succinate/Ferric Citrate
47    IF0a+Sodium Succinate/Ferric Citrate
Name: Condition (Medium), dtype: object",E. coli,R1,40.25,273.683,297.5412,59.0825,24.4801,14.0832,207.7311,305.8973,296.8518,307.9494,293.1637,25.4684,293.319,310.2366,310.3715,179.9314,74.125,177.7246,261.2795,20.3219,273.2633,281.42,306.909,286.1077,235.5656,239.5206,202.4499,300.5195,280.2653,18.533,11.0,174.7073,286.1835,168.3427,244.9184,16.6223,273.325,98.0628,59.0701,110.1698,11.0,34.4174,43.5907,121.1338,170.4342,129.5923,105.376,133.4685,112.3261,105.7853,168.4109,187.8871,159.8094,138.5476,277.9288,152.104,284.4437,276.6407,230.561,281.1695,302.2579,251.4107,84.86,293.9192,302.9225,272.6643,229.8771,241.4055,185.4253,159.6579,184.9,40.4308,32.5423,20.299,273.4113,251.2259,254.844,241.7025,229.779,13.898,246.9051,245.8188,23.2537,248.347,25.2388,301.5096,297.0052,306.1361,304.3803,287.0724,273.4498,285.6415,281.6374,288.4532,308.1715,293.9844,315.0202
F:\projects\DP_Clinical_strains\DP Clinical Isolates results-20220505T053100Z-001\ DP Clinical Isolates results\ELI 17 R1_E. coli_E. coli__3_37_SBR_709_4#26#2022_A_24A_34.OKA,4/26/2022 2:33:07 PM,24-A,PM03B,ELI 17,"44    IF0a+Sodium Succinate/Ferric Citrate
45    IF0a+Sodium Succinate/Ferric Citrate
46    IF0a+Sodium Succinate/Ferric Citrate
47    IF0a+Sodium Succinate/Ferric Citrate
Name: Condition (Medium), dtype: object",E. coli,R1,40.5,273.5389,299.5858,63.9189,21.1296,17.7078,204.3588,303.3007,298.8335,307.4728,294.9734,23.5675,296.2816,310.715,310.9052,178.003,72.7709,173.7112,259.6818,20.9406,275.4465,277.5356,307.5987,285.1762,241.4447,236.0148,199.4398,300.4707,282.1065,22.5216,11.0,170.483,284.2637,167.7186,243.7193,16.6633,276.5748,93.6684,59.6713,112.4312,11.0,30.0476,40.7761,119.7172,170.6463,131.3685,104.3874,134.0616,118.0055,108.817,165.104,190.821,159.2536,142.851,278.0665,146.2461,281.0273,281.2041,229.2877,280.189,302.0751,252.4255,86.9293,291.5375,301.8304,274.2284,232.2439,242.2752,184.8796,160.9925,182.2916,38.6331,31.7598,20.4839,273.1206,249.6848,255.6055,244.8419,231.0267,17.1448,247.8333,246.3003,26.4681,248.004,25.9083,295.5458,298.2945,307.3955,307.9348,286.3463,275.3855,288.6046,284.4542,289.6806,309.7309,291.3192,315.2614
F:\projects\DP_Clinical_strains\DP Clinical Isolates results-20220505T053100Z-001\ DP Clinical Isolates results\ELI 17 R1_E. coli_E. coli__3_37_SBR_709_4#26#2022_A_24A_34.OKA,4/26/2022 2:33:07 PM,24-A,PM03B,ELI 17,"44    IF0a+Sodium Succinate/Ferric Citrate
45    IF0a+Sodium Succinate/Ferric Citrate
46    IF0a+Sodium Succinate/Ferric Citrate
47    IF0a+Sodium Succinate/Ferric Citrate
Name: Condition (Medium), dtype: object",E. coli,R1,40.75,276.0977,297.6449,66.0132,21.6062,17.0956,211.9849,303.4201,296.2073,304.9602,292.2533,27.7219,293.9691,311.8736,311.9262,185.3924,73.9618,182.5473,264.9131,26.6323,275.1993,276.3044,305.2115,290.0736,242.6678,238.6842,202.8801,297.7274,284.4689,21.5895,11.0,173.1054,284.3488,167.858,249.2513,18.907,275.9695,92.9168,60.0385,113.8165,11.0,30.2963,45.8222,120.7629,168.8526,132.3347,110.2496,134.7604,116.0489,112.5052,167.409,193.0491,162.6967,140.0745,278.6206,151.2323,280.4407,277.768,230.5269,281.5924,300.1824,251.9611,88.9846,290.3075,302.5882,273.583,232.8143,244.7644,189.6122,166.2179,187.2956,40.5335,33.0319,22.8169,273.766,254.2804,258.3289,251.0086,236.1062,13.7308,249.7258,247.0897,25.9094,254.3494,26.4298,297.7063,297.1166,305.3049,306.4444,285.8545,274.5903,291.7274,284.6341,290.5557,306.8446,288.1018,313.4143
F:\projects\DP_Clinical_strains\DP Clinical Isolates results-20220505T053100Z-001\ DP Clinical Isolates results\ELI 17 R1_E. coli_E. coli__3_37_SBR_709_4#26#2022_A_24A_34.OKA,4/26/2022 2:33:07 PM,24-A,PM03B,ELI 17,"44    IF0a+Sodium Succinate/Ferric Citrate
45    IF0a+Sodium Succinate/Ferric Citrate
46    IF0a+Sodium Succinate/Ferric Citrate
47    IF0a+Sodium Succinate/Ferric Citrate
Name: Condition (Medium), dtype: object",E. coli,R1,41.0,277.2948,301.303,70.5936,18.9425,15.2308,213.2334,305.1794,296.3957,306.6563,294.6193,25.9663,298.4405,313.2418,309.8222,188.9699,84.4854,184.8271,262.3046,23.7738,275.913,276.9561,306.1537,288.4392,243.2678,246.3798,205.4521,301.0724,285.5737,21.0582,11.0,175.2153,286.974,174.2338,247.7345,19.2648,279.4081,92.5391,60.812,114.1834,11.0,30.5948,42.678,121.4478,167.6251,128.6154,108.464,137.948,116.9973,114.6646,172.773,195.2433,162.4595,143.8598,277.3442,149.6001,282.0191,280.0765,230.4505,281.0241,301.6654,254.2472,92.776,288.5116,302.9879,274.752,232.8549,244.7983,192.0419,169.5225,183.5487,39.9241,29.1975,25.2296,276.5722,255.0337,260.0077,251.1557,237.531,16.6684,251.4681,248.2869,25.4084,254.3934,30.0294,295.6444,297.3874,308.6519,303.4447,284.275,272.8265,290.18,285.3276,289.8422,310.3262,292.2634,316.2465
F:\projects\DP_Clinical_strains\DP Clinical Isolates results-20220505T053100Z-001\ DP Clinical Isolates results\ELI 17 R1_E. coli_E. coli__3_37_SBR_709_4#26#2022_A_24A_34.OKA,4/26/2022 2:33:07 PM,24-A,PM03B,ELI 17,"44    IF0a+Sodium Succinate/Ferric Citrate
45    IF0a+Sodium Succinate/Ferric Citrate
46    IF0a+Sodium Succinate/Ferric Citrate
47    IF0a+Sodium Succinate/Ferric Citrate
Name: Condition (Medium), dtype: object",E. coli,R1,41.25,276.5213,296.7114,70.545,20.3306,15.4267,216.4668,302.2318,295.4402,311.2901,293.896,30.2122,294.15,310.7213,309.3007,188.2953,83.8106,186.4776,266.0888,29.5423,276.8601,278.7393,304.5932,287.697,248.2249,244.6307,204.978,300.4955,284.1172,21.8668,11.0,170.5472,287.1717,172.4207,249.7743,17.7728,279.1754,95.7315,65.6625,113.7479,11.0,28.8407,44.2429,121.514,167.7129,131.5168,112.5335,136.5349,117.9732,116.7657,176.3184,194.7846,165.8677,142.48,276.6328,148.0254,285.0628,276.6642,228.934,280.8126,299.8611,250.9849,93.3215,291.1971,301.9448,273.1079,234.9323,250.2978,191.0266,168.8751,185.2895,41.2528,32.6402,19.9254,274.8032,257.9178,261.1796,252.6969,240.336,14.3645,251.4981,247.3662,22.3286,249.9131,30.4509,298.8015,299.6489,308.173,303.136,290.9908,277.3307,290.8701,285.6927,288.8136,310.0656,290.5521,314.406
F:\projects\DP_Clinical_strains\DP Clinical Isolates results-20220505T053100Z-001\ DP Clinical Isolates results\ELI 17 R1_E. coli_E. coli__3_37_SBR_709_4#26#2022_A_24A_34.OKA,4/26/2022 2:33:07 PM,24-A,PM03B,ELI 17,"44    IF0a+Sodium Succinate/Ferric Citrate
45    IF0a+Sodium Succinate/Ferric Citrate
46    IF0a+Sodium Succinate/Ferric Citrate
47    IF0a+Sodium Succinate/Ferric Citrate
Name: Condition (Medium), dtype: object",E. coli,R1,41.5,273.715,297.0838,69.0584,22.8211,13.8299,211.447,296.8779,290.5208,307.3399,293.3698,27.9963,298.4525,313.2771,306.8306,184.9073,80.5863,180.4497,261.3425,27.8936,271.0961,269.4182,302.7835,284.1764,259.1441,231.9086,200.3479,294.218,283.5147,19.2146,11.0,166.327,280.8319,165.2323,247.0194,18.5462,287.5023,94.4153,60.5527,112.5921,11.0,23.2395,36.7051,116.0798,165.0239,126.7832,112.3906,141.1363,118.8019,117.3598,165.2975,190.9835,156.0852,137.2601,273.9798,139.8699,279.3314,272.2756,232.3449,276.9963,302.5807,243.6533,93.0242,288.5962,303.6507,273.7011,234.2003,247.7327,193.7008,165.6088,188.2732,43.7831,32.2073,23.6443,275.1083,255.7236,260.8094,253.7668,239.7864,14.6909,250.8931,248.1951,25.4523,252.7479,26.5069,292.3434,297.2764,305.9149,304.8436,290.5582,271.3313,283.6931,276.625,284.1308,309.5286,288.013,312.1407
F:\projects\DP_Clinical_strains\DP Clinical Isolates results-20220505T053100Z-001\ DP Clinical Isolates results\ELI 17 R1_E. coli_E. coli__3_37_SBR_709_4#26#2022_A_24A_34.OKA,4/26/2022 2:33:07 PM,24-A,PM03B,ELI 17,"44    IF0a+Sodium Succinate/Ferric Citrate
45    IF0a+Sodium Succinate/Ferric Citrate
46    IF0a+Sodium Succinate/Ferric Citrate
47    IF0a+Sodium Succinate/Ferric Citrate
Name: Condition (Medium), dtype: object",E. coli,R1,41.75,279.3537,301.0197,75.1704,23.5443,16.1301,225.0667,305.3677,300.2125,310.3478,297.443,25.0027,294.4149,313.6368,315.0856,205.2474,109.8692,196.2762,270.2436,42.5028,280.6862,281.9572,305.0621,291.9954,248.2199,248.6895,213.5333,300.7812,285.8626,23.7063,11.0,179.8427,289.4764,178.5208,254.078,19.4354,276.1418,106.3775,67.8703,121.619,11.0,29.8939,48.373,128.281,175.7619,133.7806,112.9974,139.42,113.37,122.4007,185.553,199.0614,171.0654,147.7791,282.1869,157.0967,283.235,283.0967,234.0462,286.6221,302.2907,256.1612,105.3637,293.1836,303.7607,279.5007,238.1524,251.3602,194.8388,177.5078,190.0905,40.6894,33.0488,24.4324,277.6046,259.2545,267.818,256.5253,245.4336,17.9488,257.7464,253.944,29.2359,255.3456,30.5037,297.6442,297.3832,308.573,307.0749,289.1755,273.9381,289.4719,286.7903,284.3284,312.8481,293.1149,315.8591
F:\projects\DP_Clinical_strains\DP Clinical Isolates results-20220505T053100Z-001\ DP Clinical Isolates results\ELI 17 R1_E. coli_E. coli__3_37_SBR_709_4#26#2022_A_24A_34.OKA,4/26/2022 2:33:07 PM,24-A,PM03B,ELI 17,"44    IF0a+Sodium Succinate/Ferric Citrate
45    IF0a+Sodium Succinate/Ferric Citrate
46    IF0a+Sodium Succinate/Ferric Citrate
47    IF0a+Sodium Succinate/Ferric Citrate
Name: Condition (Medium), dtype: object",E. coli,R1,42.0,279.4346,301.4779,82.5753,19.5533,15.1374,233.6817,305.0591,306.0426,313.4313,296.8404,31.0572,299.8565,313.6857,314.7608,218.4609,120.3391,200.4648,274.871,49.9501,284.3731,285.7135,307.5455,293.717,244.7715,254.2296,220.0649,304.9875,288.3157,24.8159,11.0,190.6707,293.4155,182.0764,257.2917,17.5726,273.3124,116.5222,64.86,122.4624,11.0,30.3898,50.9718,130.0407,175.4108,138.1247,113.1821,141.0858,107.9832,123.1947,197.5264,202.7573,175.2846,155.0571,286.5131,164.0409,285.1701,288.182,241.801,286.3423,298.8141,262.1406,103.6735,295.3875,305.6096,282.925,238.2525,249.7375,198.1221,179.6398,193.2746,35.0542,29.1551,20.1149,275.3424,261.7978,269.7267,256.7248,247.7113,22.0819,257.6235,255.0695,25.5034,253.3145,22.2872,305.5665,293.8392,307.3982,309.1778,286.4102,271.9666,290.071,283.9775,288.9023,309.6248,290.8369,312.8227
F:\projects\DP_Clinical_strains\DP Clinical Isolates results-20220505T053100Z-001\ DP Clinical Isolates results\ELI 17 R1_E. coli_E. coli__3_37_SBR_709_4#26#2022_A_24A_34.OKA,4/26/2022 2:33:07 PM,24-A,PM03B,ELI 17,"44    IF0a+Sodium Succinate/Ferric Citrate
45    IF0a+Sodium Succinate/Ferric Citrate
46    IF0a+Sodium Succinate/Ferric Citrate
47    IF0a+Sodium Succinate/Ferric Citrate
Name: Condition (Medium), dtype: object",E. coli,R1,42.25,286.6602,302.5017,82.3771,21.5204,18.9839,233.0144,308.8492,305.2816,311.5253,299.7097,26.6934,298.2838,314.83,318.8488,225.0617,131.9006,208.8652,278.108,60.9515,285.6913,289.51,309.4063,295.5495,249.2205,262.3085,226.4709,308.3014,290.6327,21.9306,11.0,192.4442,293.8768,186.3898,259.9553,18.9957,274.7496,120.8047,71.7509,127.6286,11.0,29.2285,52.2165,127.377,180.4969,136.333,111.2064,145.4099,111.8929,123.5711,199.4941,204.0428,179.6498,157.3635,290.7599,168.1012,287.8267,290.6782,238.5641,285.1423,302.8194,264.9825,103.0505,300.4124,305.8169,285.7872,242.2834,249.7118,200.6563,178.3955,194.4281,36.2581,31.1505,21.6415,279.5577,263.0977,271.1274,261.8528,248.8597,17.6276,260.6519,258.5306,26.2731,258.6247,26.6858,303.3112,298.9699,310.7393,307.6106,284.5885,275.594,290.3126,288.7633,289.6529,313.1482,294.8749,312.7316
F:\projects\DP_Clinical_strains\DP Clinical Isolates results-20220505T053100Z-001\ DP Clinical Isolates results\ELI 17 R1_E. coli_E. coli__3_37_SBR_709_4#26#2022_A_24A_34.OKA,4/26/2022 2:33:07 PM,24-A,PM03B,ELI 17,"44    IF0a+Sodium Succinate/Ferric Citrate
45    IF0a+Sodium Succinate/Ferric Citrate
46    IF0a+Sodium Succinate/Ferric Citrate
47    IF0a+Sodium Succinate/Ferric Citrate
Name: Condition (Medium), dtype: object",E. coli,R1,42.5,284.0583,301.9841,81.0402,20.6905,17.0902,231.2789,309.3336,302.6222,313.2068,296.8974,25.0075,297.3543,315.5927,316.0544,225.2784,132.0145,210.8809,278.741,56.8346,286.7172,286.7396,310.1399,295.3062,251.3903,266.9662,225.48,308.2015,290.0186,23.7197,11.0943,188.7407,294.1338,189.2309,260.2548,20.8429,275.2567,118.1837,66.618,127.8211,12.4913,31.5458,51.898,130.7412,182.0698,138.9482,111.9795,145.2206,115.1967,129.1497,202.3756,205.6176,181.198,158.6901,285.8693,167.7782,284.6145,288.0649,241.4209,285.6217,301.3345,263.6683,106.8915,294.9724,305.6125,283.6752,241.2909,254.3455,202.5931,182.1211,193.0382,38.3731,32.6675,19.9617,275.5743,264.2789,272.7625,261.4975,253.138,19.987,260.8598,261.1337,27.2016,260.3015,24.7637,302.1111,298.6021,310.6189,306.9748,286.2171,275.1636,287.0497,287.6094,286.5763,310.443,292.5218,311.6663
F:\projects\DP_Clinical_strains\DP Clinical Isolates results-20220505T053100Z-001\ DP Clinical Isolates results\ELI 17 R1_E. coli_E. coli__3_37_SBR_709_4#26#2022_A_24A_34.OKA,4/26/2022 2:33:07 PM,24-A,PM03B,ELI 17,"44    IF0a+Sodium Succinate/Ferric Citrate
45    IF0a+Sodium Succinate/Ferric Citrate
46    IF0a+Sodium Succinate/Ferric Citrate
47    IF0a+Sodium Succinate/Ferric Citrate
Name: Condition (Medium), dtype: object",E. coli,R1,42.75,281.4167,298.7664,73.3902,22.7377,18.3849,223.8367,306.7606,299.0966,308.6179,295.4002,30.0005,299.2782,312.621,311.0556,212.0102,112.3896,204.7049,274.7722,50.5408,280.1646,280.0203,306.6741,289.581,257.6581,259.7537,216.8144,302.2614,289.5245,20.4186,11.0,179.7842,286.3406,181.0881,253.925,21.8485,280.8991,119.102,65.2656,127.0776,11.0,30.8568,45.203,123.0429,173.9364,130.449,111.1309,147.9275,114.7234,132.0723,191.9331,203.5414,169.0141,149.5148,278.9163,155.5349,286.885,282.0659,232.2871,283.4196,301.8654,250.702,101.9918,293.4243,305.2431,280.5903,243.4064,256.5137,201.6355,179.2574,198.875,41.1505,32.2453,21.4892,276.5924,264.1721,274.3251,261.7149,254.6211,17.6927,258.2304,258.8073,25.6585,255.2303,28.3878,299.4111,296.0718,307.2231,304.2567,282.1826,276.5063,284.198,285.536,289.4785,308.4736,291.9746,311.1323
F:\projects\DP_Clinical_strains\DP Clinical Isolates results-20220505T053100Z-001\ DP Clinical Isolates results\ELI 17 R1_E. coli_E. coli__3_37_SBR_709_4#26#2022_A_24A_34.OKA,4/26/2022 2:33:07 PM,24-A,PM03B,ELI 17,"44    IF0a+Sodium Succinate/Ferric Citrate
45    IF0a+Sodium Succinate/Ferric Citrate
46    IF0a+Sodium Succinate/Ferric Citrate
47    IF0a+Sodium Succinate/Ferric Citrate
Name: Condition (Medium), dtype: object",E. coli,R1,43.0,281.6442,297.0486,78.3601,23.7109,18.3724,231.3132,307.835,300.3376,309.3615,291.4942,26.2648,299.4908,312.2678,310.6718,213.1647,116.6333,205.1461,273.6063,57.3998,283.0226,278.4275,308.3359,289.7137,264.1869,260.5179,219.5262,303.7771,288.0473,23.1872,11.0,179.6564,285.9371,182.9126,257.8192,19.2527,282.895,118.1276,69.6917,129.5345,11.0,30.7711,47.6081,123.5712,173.6745,132.9273,114.1441,149.5324,114.8203,134.1757,196.2228,207.312,170.025,151.7281,283.3988,153.4454,282.8126,280.5221,237.3684,284.0836,301.2834,254.9971,105.2208,292.4313,303.4126,283.1014,241.7691,256.6265,207.9116,185.3064,196.3754,38.9527,30.9089,24.0847,276.4909,264.2881,273.0201,266.7286,255.8243,15.8222,262.3238,257.5141,29.0268,257.7742,23.4676,298.4576,298.2752,309.729,308.1962,281.711,276.7187,291.7097,279.5726,287.25,306.9039,292.5388,315.2008
F:\projects\DP_Clinical_strains\DP Clinical Isolates results-20220505T053100Z-001\ DP Clinical Isolates results\ELI 17 R1_E. coli_E. coli__3_37_SBR_709_4#26#2022_A_24A_34.OKA,4/26/2022 2:33:07 PM,24-A,PM03B,ELI 17,"44    IF0a+Sodium Succinate/Ferric Citrate
45    IF0a+Sodium Succinate/Ferric Citrate
46    IF0a+Sodium Succinate/Ferric Citrate
47    IF0a+Sodium Succinate/Ferric Citrate
Name: Condition (Medium), dtype: object",E. coli,R1,43.25,285.6351,301.2177,81.8645,28.0324,20.5944,228.6243,307.6532,300.02,309.6925,291.0034,24.531,297.6194,313.3322,312.1479,214.4161,119.9992,208.982,273.8646,64.8348,281.4089,279.1458,305.7678,288.9172,268.2643,258.9271,224.0901,300.9138,291.9515,24.8752,11.0,173.0929,285.1956,185.5345,256.9585,19.802,283.7336,119.6007,68.5904,128.8059,11.0,28.1701,45.794,121.4351,174.1727,133.4348,117.0891,151.801,120.7762,137.798,195.3114,208.0992,171.2685,152.5714,278.5623,157.6248,285.3795,284.0649,237.3182,284.2278,301.3661,255.1489,113.877,293.8647,304.6013,285.1743,247.1466,261.2617,212.6998,184.4431,195.1158,42.1924,34.3348,21.6889,276.4544,265.4012,274.9703,268.7563,258.468,17.5161,261.9133,258.6834,28.0713,257.3035,27.1112,300.4248,298.2248,303.7513,305.8324,277.0454,274.2039,289.5243,283.0195,290.3768,308.8691,293.3461,313.4532
F:\projects\DP_Clinical_strains\DP Clinical Isolates results-20220505T053100Z-001\ DP Clinical Isolates results\ELI 17 R1_E. coli_E. coli__3_37_SBR_709_4#26#2022_A_24A_34.OKA,4/26/2022 2:33:07 PM,24-A,PM03B,ELI 17,"44    IF0a+Sodium Succinate/Ferric Citrate
45    IF0a+Sodium Succinate/Ferric Citrate
46    IF0a+Sodium Succinate/Ferric Citrate
47    IF0a+Sodium Succinate/Ferric Citrate
Name: Condition (Medium), dtype: object",E. coli,R1,43.5,283.7065,299.0061,79.3645,19.59,17.3707,236.8654,302.3319,297.1016,311.3673,291.6108,29.0671,300.6658,313.7492,313.0661,220.122,129.9476,208.7088,273.6747,68.9633,285.156,280.5308,305.7831,285.4997,269.0894,254.697,224.5886,303.8022,292.1251,17.9368,11.0,182.7395,286.2988,186.4215,259.9621,20.7611,284.2055,122.0187,71.571,130.4095,11.0,32.534,44.3877,122.5405,173.8043,137.2286,115.6179,150.0641,116.4837,137.043,194.8596,208.8713,173.3708,153.5342,280.9084,158.0933,283.8176,284.0166,236.9391,283.9526,300.3072,255.5086,115.5354,294.6629,302.6958,283.0101,244.8018,256.4977,211.1214,185.7797,199.1466,40.023,35.0993,21.2211,278.6642,268.3406,277.1748,268.3765,259.8788,20.1829,263.7001,260.4481,29.7619,260.0756,25.2648,300.1762,298.4009,308.2872,304.9267,279.6727,274.0411,290.2069,284.3301,287.5237,308.609,291.3672,311.9854
F:\projects\DP_Clinical_strains\DP Clinical Isolates results-20220505T053100Z-001\ DP Clinical Isolates results\ELI 17 R1_E. coli_E. coli__3_37_SBR_709_4#26#2022_A_24A_34.OKA,4/26/2022 2:33:07 PM,24-A,PM03B,ELI 17,"44    IF0a+Sodium Succinate/Ferric Citrate
45    IF0a+Sodium Succinate/Ferric Citrate
46    IF0a+Sodium Succinate/Ferric Citrate
47    IF0a+Sodium Succinate/Ferric Citrate
Name: Condition (Medium), dtype: object",E. coli,R1,43.75,283.9446,298.3447,81.7552,25.2139,18.384,232.3012,301.1251,294.5129,308.0112,292.3912,28.7735,300.1286,312.474,308.8981,216.6412,120.4807,207.0798,273.1813,65.818,279.3947,277.093,306.2751,287.893,271.9315,250.3678,218.5117,300.4572,293.3294,21.2491,11.0,171.8699,284.2277,184.1892,258.3695,20.3286,287.4986,122.7416,69.6631,125.8393,11.0,24.7451,43.8323,123.2654,173.3356,133.1538,116.8547,151.2366,117.6303,138.2822,192.8648,208.5674,173.4304,153.223,279.1581,155.2084,285.8077,279.6894,236.5214,280.6517,300.324,250.6034,117.1867,291.456,305.0573,283.7856,243.2622,258.839,212.5362,183.076,198.4482,40.9823,38.2158,22.074,277.6396,270.0751,275.4676,270.3967,260.3764,15.4173,263.3064,263.8274,23.6895,258.1535,30.274,300.2086,295.0883,307.466,305.1601,283.8807,270.2065,289.7673,280.4089,282.8363,307.8358,287.9325,312.6398
F:\projects\DP_Clinical_strains\DP Clinical Isolates results-20220505T053100Z-001\ DP Clinical Isolates results\ELI 17 R1_E. coli_E. coli__3_37_SBR_709_4#26#2022_A_24A_34.OKA,4/26/2022 2:33:07 PM,24-A,PM03B,ELI 17,"44    IF0a+Sodium Succinate/Ferric Citrate
45    IF0a+Sodium Succinate/Ferric Citrate
46    IF0a+Sodium Succinate/Ferric Citrate
47    IF0a+Sodium Succinate/Ferric Citrate
Name: Condition (Medium), dtype: object",E. coli,R1,44.0,284.699,299.9847,83.4354,27.098,19.4801,243.1221,304.9285,297.3567,310.6242,291.9681,31.5468,302.7125,313.6208,311.2276,222.787,135.6259,213.5187,275.4387,77.3653,281.8167,277.4095,305.3113,290.5986,270.2209,255.8896,224.2492,302.6336,294.9743,23.5787,11.0,177.1913,287.796,190.3287,261.5799,21.3812,288.2862,128.3959,71.8577,130.7828,11.0,30.6801,46.4689,121.7545,171.0939,133.9279,115.5969,154.8835,121.5518,141.5195,196.5503,211.9465,172.3887,155.8425,282.6315,161.7921,287.3488,282.791,235.5569,282.9319,303.1425,258.198,115.3127,294.3333,306.216,284.3553,250.4709,263.7148,214.7332,191.8624,200.0268,44.7827,35.7319,24.5692,280.2773,268.703,277.8863,273.1729,261.4105,19.5895,267.4953,264.3746,28.749,261.6921,28.1022,302.0281,295.9023,305.6484,305.4869,284.0743,267.8927,289.9633,282.5052,288.5125,308.6721,289.5802,313.6378
F:\projects\DP_Clinical_strains\DP Clinical Isolates results-20220505T053100Z-001\ DP Clinical Isolates results\ELI 17 R1_E. coli_E. coli__3_37_SBR_709_4#26#2022_A_24A_34.OKA,4/26/2022 2:33:07 PM,24-A,PM03B,ELI 17,"44    IF0a+Sodium Succinate/Ferric Citrate
45    IF0a+Sodium Succinate/Ferric Citrate
46    IF0a+Sodium Succinate/Ferric Citrate
47    IF0a+Sodium Succinate/Ferric Citrate
Name: Condition (Medium), dtype: object",E. coli,R1,44.25,283.2191,300.9057,85.1563,24.8481,21.1456,236.6651,304.6956,294.0813,306.1985,292.3398,26.4854,301.9655,311.5254,309.7499,219.1227,131.5219,210.76,269.7585,69.6006,280.9451,275.2754,305.5334,284.8186,273.2711,255.3914,224.9811,299.766,292.2722,21.793,11.0,171.0691,279.4095,188.0807,259.4645,20.3672,287.9456,121.4663,70.6212,130.5675,11.0,27.6111,38.8967,117.306,171.038,131.0977,115.4986,155.4119,120.9452,143.6533,197.2646,207.1514,172.6161,153.3684,280.1624,149.6778,282.2746,277.3626,236.2487,281.5807,304.9247,248.1629,115.1777,287.5772,303.6399,284.5867,247.4652,263.5015,213.5716,188.2969,199.2928,40.7998,40.1,25.1118,277.4486,270.5055,280.1678,276.5302,262.6456,17.5927,265.9296,264.5899,22.9293,261.3739,29.2449,298.381,294.4099,304.7466,302.6394,287.673,271.8479,288.6536,280.0394,287.4396,306.1262,288.1668,312.5192
F:\projects\DP_Clinical_strains\DP Clinical Isolates results-20220505T053100Z-001\ DP Clinical Isolates results\ELI 17 R1_E. coli_E. coli__3_37_SBR_709_4#26#2022_A_24A_34.OKA,4/26/2022 2:33:07 PM,24-A,PM03B,ELI 17,"44    IF0a+Sodium Succinate/Ferric Citrate
45    IF0a+Sodium Succinate/Ferric Citrate
46    IF0a+Sodium Succinate/Ferric Citrate
47    IF0a+Sodium Succinate/Ferric Citrate
Name: Condition (Medium), dtype: object",E. coli,R1,44.5,288.3488,300.0013,94.2355,22.166,26.8589,247.9412,306.7571,297.017,310.1523,295.665,31.5373,301.8199,313.9722,311.3111,224.2008,143.3281,214.537,278.6187,89.988,286.8964,283.3231,309.8306,289.1264,272.8186,263.6293,226.0915,304.1507,295.8052,25.7062,12.7205,182.2221,285.7796,189.2685,265.0881,23.0632,287.4752,127.7406,70.5803,134.1766,11.0,32.1537,49.696,125.1554,176.5372,135.6286,121.128,158.3236,121.7442,147.9938,204.658,214.4571,175.6382,162.511,280.6703,160.3423,285.3323,282.296,239.09,284.2792,302.0153,249.3402,125.3887,294.259,304.5851,288.2921,251.8589,263.3387,217.4439,192.4783,205.5443,44.5092,42.4733,28.2238,279.6091,272.7384,281.5662,277.3748,263.6922,21.2895,267.5639,263.3868,31.6561,262.7503,28.2481,300.4012,296.9948,305.8013,306.3303,290.8934,271.3141,290.5042,285.1706,285.3658,308.6698,294.4639,313.5716
F:\projects\DP_Clinical_strains\DP Clinical Isolates results-20220505T053100Z-001\ DP Clinical Isolates results\ELI 17 R1_E. coli_E. coli__3_37_SBR_709_4#26#2022_A_24A_34.OKA,4/26/2022 2:33:07 PM,24-A,PM03B,ELI 17,"44    IF0a+Sodium Succinate/Ferric Citrate
45    IF0a+Sodium Succinate/Ferric Citrate
46    IF0a+Sodium Succinate/Ferric Citrate
47    IF0a+Sodium Succinate/Ferric Citrate
Name: Condition (Medium), dtype: object",E. coli,R1,44.75,286.7945,299.4211,97.8695,27.9111,23.3556,245.2185,305.1989,294.9088,308.7965,295.4037,30.3818,302.9586,314.8894,312.452,222.9105,143.6944,212.2904,278.1859,86.5934,284.81,277.6493,306.7487,288.2188,279.8495,255.2431,229.2364,304.3571,294.7531,22.3329,11.0,174.9295,284.8492,188.6997,264.7295,25.778,288.1298,129.0885,75.4799,133.3285,11.0,34.9324,46.601,123.1621,173.4124,135.452,117.7327,160.819,124.4113,147.5032,204.9714,214.4279,178.6532,154.031,280.1405,159.2742,285.737,280.8155,236.3001,281.3168,300.8839,250.4305,122.3778,294.4282,304.0346,288.6149,253.3467,265.6183,216.681,193.774,203.8285,43.1593,38.5867,26.8657,281.558,273.6639,280.4569,279.0576,268.0148,22.9087,266.0383,265.6868,29.5513,265.6924,29.6647,301.4979,300.6439,307.9057,305.8564,293.4837,271.262,293.2613,282.8576,288.157,307.6057,293.7095,313.2818
F:\projects\DP_Clinical_strains\DP Clinical Isolates results-20220505T053100Z-001\ DP Clinical Isolates results\ELI 17 R1_E. coli_E. coli__3_37_SBR_709_4#26#2022_A_24A_34.OKA,4/26/2022 2:33:07 PM,24-A,PM03B,ELI 17,"44    IF0a+Sodium Succinate/Ferric Citrate
45    IF0a+Sodium Succinate/Ferric Citrate
46    IF0a+Sodium Succinate/Ferric Citrate
47    IF0a+Sodium Succinate/Ferric Citrate
Name: Condition (Medium), dtype: object",E. coli,R1,45.0,286.4151,300.8044,87.1819,25.105,20.3181,236.7321,304.0291,296.5424,307.6819,291.4656,27.8416,304.7438,311.7198,312.0758,222.9881,140.0318,211.7714,274.235,92.5718,282.3013,275.7339,304.2899,287.9329,280.0972,248.4372,226.2282,297.8367,291.11,20.8521,11.0,173.8997,281.7007,188.1385,263.9234,20.6212,291.082,124.0947,68.8088,132.018,11.0,28.1322,40.6548,118.8993,170.1822,133.7353,120.1782,160.8789,121.4865,148.4482,199.294,216.4177,176.5361,155.4773,278.525,157.2461,284.6682,279.7935,234.404,278.9108,299.6257,247.5093,122.5916,293.3108,304.496,284.1895,251.1237,263.9449,220.2117,196.8328,201.9235,45.9774,37.8344,21.7976,280.8874,270.8016,282.1308,279.8892,268.4426,20.8762,268.7958,266.9619,26.2271,262.202,31.7647,297.6316,295.4253,305.4785,305.0766,286.9335,272.6165,291.1277,279.2859,283.5721,308.1494,290.1326,313.1236
F:\projects\DP_Clinical_strains\DP Clinical Isolates results-20220505T053100Z-001\ DP Clinical Isolates results\ELI 17 R1_E. coli_E. coli__3_37_SBR_709_4#26#2022_A_24A_34.OKA,4/26/2022 2:33:07 PM,24-A,PM03B,ELI 17,"44    IF0a+Sodium Succinate/Ferric Citrate
45    IF0a+Sodium Succinate/Ferric Citrate
46    IF0a+Sodium Succinate/Ferric Citrate
47    IF0a+Sodium Succinate/Ferric Citrate
Name: Condition (Medium), dtype: object",E. coli,R1,45.25,287.6877,302.8747,86.514,21.732,21.5096,241.9025,306.7651,299.4412,308.976,290.9898,29.122,301.4233,312.7675,312.6548,229.5759,148.6924,216.4295,280.1431,104.9734,283.2957,276.0534,307.5984,290.3082,278.1332,258.6319,230.3662,303.8513,297.8306,23.5797,13.7338,183.3976,284.6306,194.3697,264.6126,23.9394,285.1374,130.0938,74.2108,136.4825,11.0,27.8349,44.0468,124.7172,177.441,135.4933,122.3279,160.1261,119.8237,152.2662,208.7055,216.3889,178.753,162.3092,282.183,158.449,285.0403,283.005,239.3367,282.7887,299.5969,251.9922,124.2179,294.6291,306.232,286.2067,255.3317,265.3234,222.7231,198.1443,206.6501,46.7413,39.0862,20.9318,279.9504,276.8078,283.7883,279.7244,269.1294,18.3254,269.4581,269.1698,24.8478,266.1376,31.7262,299.886,297.4708,308.1762,305.6955,283.598,272.0058,293.0387,282.8938,284.8481,309.5718,287.9351,315.97
F:\projects\DP_Clinical_strains\DP Clinical Isolates results-20220505T053100Z-001\ DP Clinical Isolates results\ELI 17 R1_E. coli_E. coli__3_37_SBR_709_4#26#2022_A_24A_34.OKA,4/26/2022 2:33:07 PM,24-A,PM03B,ELI 17,"44    IF0a+Sodium Succinate/Ferric Citrate
45    IF0a+Sodium Succinate/Ferric Citrate
46    IF0a+Sodium Succinate/Ferric Citrate
47    IF0a+Sodium Succinate/Ferric Citrate
Name: Condition (Medium), dtype: object",E. coli,R1,45.5,289.7027,300.8731,90.1248,23.6432,18.5484,242.2367,307.1445,302.3387,306.433,293.9162,29.3105,299.5654,313.0762,312.2991,230.5647,155.0116,220.6709,280.9112,107.8769,283.2006,279.7626,306.9332,289.3125,276.4594,258.3043,233.7514,301.6096,293.455,20.6753,11.0,176.8137,284.8427,192.4528,265.291,19.0469,287.7406,130.0088,77.4002,138.1483,11.0,23.6205,44.1661,124.4679,172.9573,135.9612,117.4365,155.6515,123.0575,152.9817,209.6309,219.8909,179.3441,158.6099,278.9856,159.6477,285.6246,281.9592,236.0266,284.5268,296.6707,249.7479,130.3234,293.7304,304.7915,290.7014,256.0948,265.1386,223.0064,197.2245,208.9535,42.5476,39.5896,25.5974,280.9581,274.1762,283.1406,284.1172,274.0676,14.4476,274.1456,269.2222,29.7074,264.3149,27.0089,303.7664,296.0073,308.8129,304.1057,283.656,271.6123,288.0677,281.7323,285.927,306.6293,290.2149,315.2856
F:\projects\DP_Clinical_strains\DP Clinical Isolates results-20220505T053100Z-001\ DP Clinical Isolates results\ELI 17 R1_E. coli_E. coli__3_37_SBR_709_4#26#2022_A_24A_34.OKA,4/26/2022 2:33:07 PM,24-A,PM03B,ELI 17,"44    IF0a+Sodium Succinate/Ferric Citrate
45    IF0a+Sodium Succinate/Ferric Citrate
46    IF0a+Sodium Succinate/Ferric Citrate
47    IF0a+Sodium Succinate/Ferric Citrate
Name: Condition (Medium), dtype: object",E. coli,R1,45.75,288.4399,299.8427,88.1396,22.3955,17.8165,241.5665,302.6119,297.8147,305.5723,291.3035,27.0997,302.3304,310.5211,311.8146,228.9832,149.313,216.6597,277.0219,109.9987,281.6958,277.417,305.4344,287.7763,278.3684,252.78,228.5466,300.8254,296.8396,15.7548,11.0,174.2327,283.8871,191.0253,264.149,24.957,288.3969,126.9863,74.8357,135.4593,11.0,28.2284,45.3593,119.4719,171.0682,132.9663,119.3143,160.3467,122.3234,151.4977,205.0148,219.9242,173.9716,159.7926,278.6629,156.798,281.9018,278.6476,236.0716,277.4607,295.6345,248.7976,128.3699,289.3514,304.1201,285.2047,255.6062,267.7715,222.492,195.7647,207.3897,43.1003,39.5754,23.8267,276.4276,275.8759,283.6213,283.5578,270.8603,18.9249,269.9062,270.5692,23.0406,264.4978,30.8789,299.9669,295.5125,305.5568,304.3161,286.7789,269.7781,286.6739,281.272,285.5544,306.7823,288.4274,313.0539
F:\projects\DP_Clinical_strains\DP Clinical Isolates results-20220505T053100Z-001\ DP Clinical Isolates results\ELI 17 R1_E. coli_E. coli__3_37_SBR_709_4#26#2022_A_24A_34.OKA,4/26/2022 2:33:07 PM,24-A,PM03B,ELI 17,"44    IF0a+Sodium Succinate/Ferric Citrate
45    IF0a+Sodium Succinate/Ferric Citrate
46    IF0a+Sodium Succinate/Ferric Citrate
47    IF0a+Sodium Succinate/Ferric Citrate
Name: Condition (Medium), dtype: object",E. coli,R1,46.0,286.3199,298.8858,87.6076,20.8646,18.4426,248.798,304.7542,298.3079,307.9991,292.5569,25.9878,301.4228,312.8885,310.3555,228.5995,151.2214,218.5849,275.177,114.8524,284.1964,276.3515,305.4201,284.9296,282.5235,249.2298,233.4659,299.569,295.8216,20.5509,11.0,171.3695,283.5742,194.0541,264.4087,23.8029,289.2396,128.6923,71.9267,135.0134,11.0,23.6436,42.1843,117.4417,170.375,136.0498,119.4088,164.4988,126.0997,156.4377,209.3014,217.3955,174.38,157.2035,278.5037,153.2179,284.5749,279.9122,237.1589,281.7536,294.8873,245.9971,136.6125,292.545,305.3153,290.1645,256.2556,269.7484,226.0049,200.845,205.201,46.9089,42.0718,24.0881,280.9551,274.0238,283.9646,283.2849,271.0727,18.2669,272.3422,269.0266,22.4302,264.3248,31.6834,304.6689,294.9878,306.445,305.372,287.4233,270.4968,288.3667,279.3112,285.2252,308.6515,289.4021,313.5674
F:\projects\DP_Clinical_strains\DP Clinical Isolates results-20220505T053100Z-001\ DP Clinical Isolates results\ELI 17 R1_E. coli_E. coli__3_37_SBR_709_4#26#2022_A_24A_34.OKA,4/26/2022 2:33:07 PM,24-A,PM03B,ELI 17,"44    IF0a+Sodium Succinate/Ferric Citrate
45    IF0a+Sodium Succinate/Ferric Citrate
46    IF0a+Sodium Succinate/Ferric Citrate
47    IF0a+Sodium Succinate/Ferric Citrate
Name: Condition (Medium), dtype: object",E. coli,R1,46.25,287.3436,298.7763,83.0769,20.7186,19.5367,250.0524,302.1701,299.8751,304.4676,291.9376,28.8366,302.7466,313.8078,312.1115,227.3921,154.1062,217.6785,276.6129,125.7583,284.8924,278.1483,305.7469,286.3822,283.1254,247.8723,233.3097,302.8027,297.1819,17.4359,11.0,169.6962,279.5406,194.1875,266.185,24.754,288.2292,128.63,77.3539,138.2892,11.0,26.6394,38.736,118.5251,167.1412,131.1531,121.7194,162.2555,126.5908,156.6446,208.1507,215.5714,173.6936,160.2448,277.1949,155.3873,281.9589,277.9198,236.5556,282.0623,299.1029,247.2154,131.5334,291.9338,306.947,287.0997,259.5316,271.9165,223.2908,203.7672,206.7959,48.942,45.3898,27.5214,279.4712,278.0398,285.4398,290.2677,273.1414,21.6218,270.7329,269.914,25.9595,265.4384,30.1055,299.657,295.5672,306.0734,303.9312,285.9052,271.5229,290.7195,278.6996,285.7929,307.8165,289.4109,314.0314
F:\projects\DP_Clinical_strains\DP Clinical Isolates results-20220505T053100Z-001\ DP Clinical Isolates results\ELI 17 R1_E. coli_E. coli__3_37_SBR_709_4#26#2022_A_24A_34.OKA,4/26/2022 2:33:07 PM,24-A,PM03B,ELI 17,"44    IF0a+Sodium Succinate/Ferric Citrate
45    IF0a+Sodium Succinate/Ferric Citrate
46    IF0a+Sodium Succinate/Ferric Citrate
47    IF0a+Sodium Succinate/Ferric Citrate
Name: Condition (Medium), dtype: object",E. coli,R1,46.5,299.1117,301.698,68.2939,22.9665,19.567,272.7541,313.9265,305.6507,312.2384,299.1198,31.6851,298.4802,314.8083,321.3724,247.3698,186.7465,230.3943,296.034,153.6463,298.3818,299.0707,312.7601,300.6224,271.4046,282.6262,252.7472,307.0112,304.8472,19.1107,11.0,205.6828,300.7398,218.7954,278.3402,24.7137,276.2237,151.0877,86.5268,150.6073,11.0,28.8083,50.7196,132.6395,189.1394,147.1163,122.808,163.2374,110.9727,161.7492,233.9324,230.4016,199.7423,177.416,289.66,184.3997,288.3918,292.9739,250.2137,293.8153,296.9707,268.5125,151.7405,304.9431,310.6499,297.1981,261.2742,267.8618,232.116,210.8336,212.444,42.1927,37.9277,24.7117,288.1156,284.2609,296.0076,292.3537,281.3189,16.6289,285.6227,282.934,32.5741,275.5187,27.8065,305.5605,306.3027,313.1417,311.3372,287.6169,276.8383,292.8218,293.3064,296.0983,312.8049,296.8306,313.3635
F:\projects\DP_Clinical_strains\DP Clinical Isolates results-20220505T053100Z-001\ DP Clinical Isolates results\ELI 17 R1_E. coli_E. coli__3_37_SBR_709_4#26#2022_A_24A_34.OKA,4/26/2022 2:33:07 PM,24-A,PM03B,ELI 17,"44    IF0a+Sodium Succinate/Ferric Citrate
45    IF0a+Sodium Succinate/Ferric Citrate
46    IF0a+Sodium Succinate/Ferric Citrate
47    IF0a+Sodium Succinate/Ferric Citrate
Name: Condition (Medium), dtype: object",E. coli,R1,46.75,300.3254,300.2286,64.4599,23.4833,25.1464,270.3083,312.2123,307.1414,310.3439,299.3084,30.4248,300.9516,314.8045,322.1551,244.8015,183.9695,231.4892,295.975,160.7112,299.8877,297.4623,312.8424,300.5342,270.9765,282.186,249.6642,306.5569,305.2844,23.4924,11.0,208.632,300.5923,217.8386,275.6461,22.3161,273.9221,156.614,88.5399,148.6876,11.0,33.3667,51.5169,134.2283,190.2324,146.8264,122.7846,163.4892,108.896,165.1774,236.7564,235.0228,200.2631,179.0996,290.799,182.4935,289.0656,294.6279,250.1832,293.3164,295.8579,267.7251,155.1502,303.9724,307.2475,296.6739,265.2954,271.9323,232.0714,214.1201,217.7324,41.6588,39.4266,25.2617,285.589,283.8768,295.5278,296.8816,281.8692,21.3026,284.2717,284.9219,27.7144,273.1835,28.6478,308.2963,303.5261,313.9594,308.1865,290.4923,281.1068,294.0388,291.5233,292.6395,310.0069,294.147,313.0584
F:\projects\DP_Clinical_strains\DP Clinical Isolates results-20220505T053100Z-001\ DP Clinical Isolates results\ELI 17 R1_E. coli_E. coli__3_37_SBR_709_4#26#2022_A_24A_34.OKA,4/26/2022 2:33:07 PM,24-A,PM03B,ELI 17,"44    IF0a+Sodium Succinate/Ferric Citrate
45    IF0a+Sodium Succinate/Ferric Citrate
46    IF0a+Sodium Succinate/Ferric Citrate
47    IF0a+Sodium Succinate/Ferric Citrate
Name: Condition (Medium), dtype: object",E. coli,R1,47.0,300.279,300.6088,65.7923,25.6216,24.6796,271.5037,315.4861,308.4779,312.8296,298.3846,31.721,299.7064,314.9092,320.5726,249.1626,187.1349,236.2606,299.9117,166.2692,301.389,298.2309,315.6174,299.4186,272.2324,280.8143,251.9098,308.2911,307.7011,22.2718,11.0,208.5768,300.8529,219.7387,276.9801,23.3284,275.3304,157.0448,93.2269,151.1666,11.0,27.9196,53.5471,134.5863,189.304,151.7095,122.5013,160.5507,111.7108,166.7092,237.1304,235.6504,200.4427,181.2723,292.1866,190.8467,291.0993,296.0254,249.2944,294.3333,298.5423,265.9129,157.3693,302.3757,310.5675,299.7627,266.1158,269.5783,235.0251,220.6224,217.5267,43.8005,38.6608,22.8541,288.9923,287.5485,297.2827,293.9315,286.0806,21.1623,286.1794,282.4749,25.3203,277.1384,26.0316,306.6605,306.1179,314.8229,311.6005,288.7684,277.5049,293.9029,295.6714,294.4857,311.8368,299.8214,313.929
F:\projects\DP_Clinical_strains\DP Clinical Isolates results-20220505T053100Z-001\ DP Clinical Isolates results\ELI 17 R1_E. coli_E. coli__3_37_SBR_709_4#26#2022_A_24A_34.OKA,4/26/2022 2:33:07 PM,24-A,PM03B,ELI 17,"44    IF0a+Sodium Succinate/Ferric Citrate
45    IF0a+Sodium Succinate/Ferric Citrate
46    IF0a+Sodium Succinate/Ferric Citrate
47    IF0a+Sodium Succinate/Ferric Citrate
Name: Condition (Medium), dtype: object",E. coli,R1,47.25,290.4494,298.7411,81.3756,21.5016,16.4997,255.2629,308.3249,301.4681,307.3925,290.7253,30.5424,298.0058,312.5743,314.3607,238.8836,168.7649,225.8114,286.9467,144.3492,287.9249,280.7523,305.7478,287.8493,283.4659,255.9303,238.2765,302.7581,296.864,17.2681,11.0,177.8388,286.4448,200.4578,272.0398,26.8358,287.6998,133.1847,82.4587,145.5556,11.0,30.2744,40.3049,122.7181,172.7344,133.5749,119.1783,162.013,124.9334,162.6499,218.4005,223.8129,182.7081,167.2342,279.0374,165.3706,285.4844,284.0339,239.4278,281.7906,294.7326,251.0414,140.4753,293.5677,305.8544,292.0514,265.8394,270.9384,230.7107,206.068,211.4778,43.2113,50.0616,24.5419,281.8741,281.7545,290.5804,291.3989,278.4941,23.6199,273.6079,273.0635,22.7176,269.4641,29.2555,300.009,296.2654,308.2538,307.3745,281.8979,273.6133,290.6395,282.3051,286.6377,305.3141,289.57,316.4908
F:\projects\DP_Clinical_strains\DP Clinical Isolates results-20220505T053100Z-001\ DP Clinical Isolates results\ELI 17 R1_E. coli_E. coli__3_37_SBR_709_4#26#2022_A_24A_34.OKA,4/26/2022 2:33:07 PM,24-A,PM03B,ELI 17,"44    IF0a+Sodium Succinate/Ferric Citrate
45    IF0a+Sodium Succinate/Ferric Citrate
46    IF0a+Sodium Succinate/Ferric Citrate
47    IF0a+Sodium Succinate/Ferric Citrate
Name: Condition (Medium), dtype: object",E. coli,R1,47.5,287.6164,299.5968,83.1951,21.4677,21.9881,247.0789,304.9471,297.3034,308.4713,289.0714,35.8687,300.8679,314.1785,310.265,230.0293,161.1105,222.4487,279.9169,144.0968,286.408,272.1117,305.5724,283.9297,287.6318,253.8796,235.7913,301.8818,296.1697,18.9765,11.0,172.1232,281.8213,198.9905,268.5175,28.8789,289.4568,130.544,78.9109,140.7335,11.0,27.3858,37.289,115.162,172.5119,130.4393,125.6264,168.4509,122.8583,164.1062,209.7288,220.2303,179.0023,163.0284,274.0862,157.4789,282.469,279.3665,235.4213,278.6067,296.0015,247.6079,144.9691,291.118,306.3721,287.911,263.8681,272.6645,228.7357,205.1808,210.879,48.7285,48.1208,23.3487,283.8032,283.3424,287.5107,296.4167,278.1327,21.7238,273.4737,275.0322,23.6924,268.1239,28.0678,300.5902,293.2655,305.6075,305.7106,285.6242,269.274,288.7757,279.0784,284.0327,305.9187,292.0442,310.1992
F:\projects\DP_Clinical_strains\DP Clinical Isolates results-20220505T053100Z-001\ DP Clinical Isolates results\ELI 17 R1_E. coli_E. coli__3_37_SBR_709_4#26#2022_A_24A_34.OKA,4/26/2022 2:33:07 PM,24-A,PM03B,ELI 17,"44    IF0a+Sodium Succinate/Ferric Citrate
45    IF0a+Sodium Succinate/Ferric Citrate
46    IF0a+Sodium Succinate/Ferric Citrate
47    IF0a+Sodium Succinate/Ferric Citrate
Name: Condition (Medium), dtype: object",E. coli,R1,47.75,293.391,303.8475,91.018,26.7605,25.7913,265.4502,310.2594,305.6087,308.6878,298.0313,32.1116,302.0067,314.5939,317.6396,252.788,190.535,233.7017,289.8198,165.9875,292.4206,289.5507,310.6104,292.342,282.2746,269.8596,249.6423,307.5782,302.4449,23.5533,11.2521,193.4408,292.4168,209.4498,274.3253,33.3602,285.9854,142.9213,86.6359,151.512,11.0,34.1437,48.6811,128.9685,187.3224,140.8795,127.0268,166.8046,122.4688,169.4415,234.0293,232.6361,194.6799,176.0976,287.0267,178.3166,290.537,292.4139,247.5596,286.2264,295.548,260.5418,155.4682,300.6643,305.4,294.4277,269.8517,275.1094,235.6629,213.874,218.7422,43.8561,47.3392,27.2358,283.9436,282.2104,292.7885,295.1036,281.6865,19.9914,279.8218,279.47,27.3362,272.7604,31.1101,303.8824,297.9208,309.8333,308.1752,279.574,274.591,289.8287,286.7512,288.4396,313.9224,293.9531,315.4473
F:\projects\DP_Clinical_strains\DP Clinical Isolates results-20220505T053100Z-001\ DP Clinical Isolates results\ELI 17 R1_E. coli_E. coli__3_37_SBR_709_4#26#2022_A_24A_34.OKA,4/26/2022 2:33:07 PM,24-A,PM03B,ELI 17,"44    IF0a+Sodium Succinate/Ferric Citrate
45    IF0a+Sodium Succinate/Ferric Citrate
46    IF0a+Sodium Succinate/Ferric Citrate
47    IF0a+Sodium Succinate/Ferric Citrate
Name: Condition (Medium), dtype: object",E. coli,R1,48.0,292.2749,306.1494,95.2143,23.5223,23.2983,273.2142,309.5875,303.7905,310.4977,297.5308,35.5024,300.5385,314.6705,319.4683,251.9444,201.1086,237.7096,293.1934,175.2577,299.1886,291.3434,310.4673,293.8407,282.8585,275.2675,256.1788,311.6978,304.56,25.172,11.0,200.7921,297.1841,211.9781,274.94,33.2679,284.3097,143.8909,90.2543,153.5845,11.0,37.0341,52.377,131.0463,191.3154,143.211,124.1993,168.2535,115.1013,170.6995,236.3861,235.671,200.2439,181.3316,292.2514,184.1458,290.6642,292.9019,248.8671,288.1808,297.8008,264.3328,155.129,299.0591,308.1594,298.4778,272.1771,274.3599,233.7352,214.5905,222.8775,41.6501,46.4008,24.621,283.8278,284.9316,295.0141,294.5546,286.6163,23.7045,281.405,279.4617,27.7951,272.0606,28.268,305.6315,297.2366,307.2071,304.5432,276.8186,269.9415,291.4889,284.1702,290.774,310.2958,294.4315,312.3197
