Plate File,Setup Time,Position,Plate Type,Strain,Media,Specie,Replicate,Hour,A01,A02,A03,A04,A05,A06,A07,A08,A09,A10,A11,A12,B01,B02,B03,B04,B05,B06,B07,B08,B09,B10,B11,B12,C01,C02,C03,C04,C05,C06,C07,C08,C09,C10,C11,C12,D01,D02,D03,D04,D05,D06,D07,D08,D09,D10,D11,D12,E01,E02,E03,E04,E05,E06,E07,E08,E09,E10,E11,E12,F01,F02,F03,F04,F05,F06,F07,F08,F09,F10,F11,F12,G01,G02,G03,G04,G05,G06,G07,G08,G09,G10,G11,G12,H01,H02,H03,H04,H05,H06,H07,H08,H09,H10,H11,H12
F:\projects\DP_Clinical_strains\DP Clinical Isolates results-20220505T053100Z-001\ DP Clinical Isolates results\ELI 271 R1_E. coli_E.coli_IF 0a - Na-Succinate-Fe Citrate_4_37_SBR_709_4#12#2022_A_ 1A_0.OKA,4/12/2022 1:53:05 PM, 1-A,PM04A,ELI 271,"256    IF0a+Sodium Succinate/Ferric Citrate
257    IF0a+Sodium Succinate/Ferric Citrate
258    IF0a+Sodium Succinate/Ferric Citrate
259    IF0a+Sodium Succinate/Ferric Citrate
Name: Condition (Medium), dtype: object",E. coli,R1,0.0,11.0,11.0,19.0107,11.0,11.0,11.0,11.0,11.0,11.0,11.0,12.4976,15.1298,12.4088,11.0,11.0,11.0,11.0,11.0,11.0,11.0,11.0,11.0,11.0,13.9625,12.7568,11.0,11.0,11.0,11.0,11.0,11.0,11.0,11.0,11.0,11.0,12.4892,11.0,11.0,11.0,11.0,11.0,11.0,11.0,11.0,11.0,11.0,11.0,11.3079,11.0,11.0,11.0,11.0,11.0,11.0,11.0,11.0,11.0,11.0,15.3226,15.7703,17.438,11.0,11.0,11.0,11.0,11.0,11.0,11.0,13.0373,11.0,13.3585,11.7687,16.3925,12.0497,11.0,11.0,11.0,11.0,11.0,11.0,11.0,11.0,11.0,20.3094,18.0324,19.6047,12.6496,12.5606,14.0806,11.6169,11.0,11.0,11.0,16.6807,18.3972,19.7393
F:\projects\DP_Clinical_strains\DP Clinical Isolates results-20220505T053100Z-001\ DP Clinical Isolates results\ELI 271 R1_E. coli_E.coli_IF 0a - Na-Succinate-Fe Citrate_4_37_SBR_709_4#12#2022_A_ 1A_0.OKA,4/12/2022 1:53:05 PM, 1-A,PM04A,ELI 271,"256    IF0a+Sodium Succinate/Ferric Citrate
257    IF0a+Sodium Succinate/Ferric Citrate
258    IF0a+Sodium Succinate/Ferric Citrate
259    IF0a+Sodium Succinate/Ferric Citrate
Name: Condition (Medium), dtype: object",E. coli,R1,0.25,13.0243,11.0,21.4904,11.0,11.0,11.0,11.0,11.0,11.0,11.0,11.0,21.9215,15.7181,11.0,11.0,11.0,11.0,11.0,11.0,11.0,11.0,11.0,11.0,13.1438,13.0876,11.0,11.0,11.0,11.0,11.0,11.0,11.0,11.0,11.0,11.0,16.5663,11.0,11.0,11.0,11.0,11.0,11.0,11.0,11.0,11.0,11.0,11.0,13.661,12.4864,11.0,11.0,11.0,11.0,11.0,11.0,11.0,11.0,11.0,11.9778,18.6534,16.6868,11.2528,11.0,11.0,11.0,11.0,11.0,11.0,11.0,11.0,11.2197,19.7942,19.0549,11.9473,11.0,11.0,11.0,11.0,11.0,11.0,11.0,11.0,16.7722,21.4887,20.6204,18.5509,11.0,12.0471,16.6441,11.0,11.0,12.517,11.0,15.7819,14.6744,17.5212
F:\projects\DP_Clinical_strains\DP Clinical Isolates results-20220505T053100Z-001\ DP Clinical Isolates results\ELI 271 R1_E. coli_E.coli_IF 0a - Na-Succinate-Fe Citrate_4_37_SBR_709_4#12#2022_A_ 1A_0.OKA,4/12/2022 1:53:05 PM, 1-A,PM04A,ELI 271,"256    IF0a+Sodium Succinate/Ferric Citrate
257    IF0a+Sodium Succinate/Ferric Citrate
258    IF0a+Sodium Succinate/Ferric Citrate
259    IF0a+Sodium Succinate/Ferric Citrate
Name: Condition (Medium), dtype: object",E. coli,R1,0.5,11.0,11.0,22.5861,11.0,11.0,11.0,11.0,11.0,11.0,11.0,11.0,14.8503,21.6089,11.0,11.0,11.0,11.0,11.0,11.0,11.0,11.0,11.0,11.0,15.7644,13.3599,11.0,11.0,11.0,11.0,11.0,11.0,11.0,11.0,11.0,11.0,17.2505,14.7177,11.0,11.0,11.0,11.0,11.0,11.0,12.8074,11.0,11.0,11.0,12.3164,12.3013,11.0,11.0,11.0,11.0,11.0,11.0,11.0,11.0,11.0,14.2035,14.613,20.0746,12.3869,11.0,11.0,11.0,11.0,11.0,11.0,11.0,11.0,15.5451,14.8046,18.4904,13.7965,11.0,11.0,11.0,11.0,11.0,11.0,11.0,12.3765,13.9376,20.9425,21.3322,14.8118,14.4598,16.0614,14.381,11.2894,13.4477,11.0,11.0,16.8911,15.4432,19.6351
F:\projects\DP_Clinical_strains\DP Clinical Isolates results-20220505T053100Z-001\ DP Clinical Isolates results\ELI 271 R1_E. coli_E.coli_IF 0a - Na-Succinate-Fe Citrate_4_37_SBR_709_4#12#2022_A_ 1A_0.OKA,4/12/2022 1:53:05 PM, 1-A,PM04A,ELI 271,"256    IF0a+Sodium Succinate/Ferric Citrate
257    IF0a+Sodium Succinate/Ferric Citrate
258    IF0a+Sodium Succinate/Ferric Citrate
259    IF0a+Sodium Succinate/Ferric Citrate
Name: Condition (Medium), dtype: object",E. coli,R1,0.75,11.0,11.0,19.6128,11.0,11.0,11.0,11.0,11.0,11.0,11.0,11.0,16.8277,11.7793,11.0,11.0,11.0,11.0,11.0,11.0,11.0,11.0,11.0,11.0,14.1441,11.4038,11.0,11.0,11.0,11.0,11.0,11.0,11.0,11.0,11.0,11.0,11.3384,11.0,11.0,11.0,11.0,11.0,11.0,11.0,11.0,11.0,11.0,11.0,13.3928,12.1471,11.0,11.0,11.0,11.0,11.0,11.0,12.0607,11.0,11.0,14.0818,16.0246,12.7241,11.0,11.0,11.0,11.0,11.0,11.0,11.0,11.0,11.0,12.0606,19.1178,19.3935,11.0,11.0,11.0,11.0,11.0,11.0,11.0,11.0,11.8694,18.563,19.5791,17.1442,19.3645,12.9026,15.0482,15.6954,11.0,14.9044,11.0,11.0,15.9195,16.4257,20.8986
F:\projects\DP_Clinical_strains\DP Clinical Isolates results-20220505T053100Z-001\ DP Clinical Isolates results\ELI 271 R1_E. coli_E.coli_IF 0a - Na-Succinate-Fe Citrate_4_37_SBR_709_4#12#2022_A_ 1A_0.OKA,4/12/2022 1:53:05 PM, 1-A,PM04A,ELI 271,"256    IF0a+Sodium Succinate/Ferric Citrate
257    IF0a+Sodium Succinate/Ferric Citrate
258    IF0a+Sodium Succinate/Ferric Citrate
259    IF0a+Sodium Succinate/Ferric Citrate
Name: Condition (Medium), dtype: object",E. coli,R1,1.0,11.0,11.0,19.0456,11.0,11.0,11.0,11.0,11.0,11.0,11.0,11.0,17.2174,11.0,11.0,11.0,11.0,11.0,11.0,11.0,11.0,11.0,11.0,11.0,13.5035,11.0,11.0,11.0,11.0,11.0,11.0,11.0,11.0,11.0,11.0,11.0,14.5399,11.2511,11.0,11.0,11.0,11.0,11.0,11.0,14.1603,11.0,11.0,11.0,16.9118,14.656,11.0,11.0,11.0,11.0,11.0,11.0,11.0,11.0,11.0,14.4604,17.5894,16.2731,12.2451,11.0,11.0,11.0,11.0,11.0,11.0,11.0,11.0,14.4828,16.0607,16.2866,12.0575,11.0,11.0,11.0,11.0,11.0,11.0,11.0,11.0,15.1892,19.4366,17.9761,21.2149,14.9472,15.3916,15.4573,11.2961,11.0,12.4629,11.0,18.8759,15.4559,21.1306
F:\projects\DP_Clinical_strains\DP Clinical Isolates results-20220505T053100Z-001\ DP Clinical Isolates results\ELI 271 R1_E. coli_E.coli_IF 0a - Na-Succinate-Fe Citrate_4_37_SBR_709_4#12#2022_A_ 1A_0.OKA,4/12/2022 1:53:05 PM, 1-A,PM04A,ELI 271,"256    IF0a+Sodium Succinate/Ferric Citrate
257    IF0a+Sodium Succinate/Ferric Citrate
258    IF0a+Sodium Succinate/Ferric Citrate
259    IF0a+Sodium Succinate/Ferric Citrate
Name: Condition (Medium), dtype: object",E. coli,R1,1.25,11.0,11.0,19.9382,11.0,11.0,11.0,11.0,11.0,11.0,11.0,11.0,17.9153,14.7952,11.0,11.0,11.0,11.0,11.0,11.0,11.0,11.0,11.0,13.7298,15.3273,11.4404,11.0,11.0,11.0,11.0,11.0,11.0,11.0,11.0,11.0,12.2913,16.4689,12.8448,11.0,11.0,11.0,11.0,11.0,11.0,17.3838,11.0,11.0,11.0,17.3064,18.6747,11.0,11.0,11.0,11.0,11.0,11.0,11.0,11.0,11.0,14.5279,15.5831,17.882,11.0,11.0,11.0,11.0,11.0,11.0,11.0,11.0,11.0,11.0317,19.8879,17.5389,11.0,11.0,11.0,11.0,11.0,11.0,11.0,11.0,11.0,18.276,24.2592,21.3333,20.9105,14.4098,16.9508,12.9989,11.0,11.0,12.2956,11.0,18.6134,12.4039,18.6936
F:\projects\DP_Clinical_strains\DP Clinical Isolates results-20220505T053100Z-001\ DP Clinical Isolates results\ELI 271 R1_E. coli_E.coli_IF 0a - Na-Succinate-Fe Citrate_4_37_SBR_709_4#12#2022_A_ 1A_0.OKA,4/12/2022 1:53:05 PM, 1-A,PM04A,ELI 271,"256    IF0a+Sodium Succinate/Ferric Citrate
257    IF0a+Sodium Succinate/Ferric Citrate
258    IF0a+Sodium Succinate/Ferric Citrate
259    IF0a+Sodium Succinate/Ferric Citrate
Name: Condition (Medium), dtype: object",E. coli,R1,1.5,11.0,11.0,19.2902,11.0,11.0,11.0,11.0,11.0,11.0,11.0,12.159,18.6338,12.9416,11.0,11.0,11.0,11.0,11.0,11.0,11.0,11.0,11.0,11.1256,15.4598,11.3158,11.0,11.0,11.0,11.0,11.0,11.0,11.0,11.0,11.0,11.0,13.5808,15.3601,11.0,11.0,11.0,11.0,11.0,11.0,14.0068,11.0,11.0,11.0,15.4793,12.2193,11.0,11.0,11.0,11.0,11.0,11.0,11.0,11.0,11.0,16.4617,17.5424,17.008,11.0,11.0,11.0,11.0,11.0,11.0,11.0,11.0,11.0,11.0,17.7379,13.3707,11.0,11.0,11.0,11.0,11.0,11.0,11.0,11.0,14.0799,18.2903,23.1602,20.5541,17.7208,13.2973,16.0824,17.062,11.0,11.0,11.0,11.4235,17.3085,17.6796,21.2488
F:\projects\DP_Clinical_strains\DP Clinical Isolates results-20220505T053100Z-001\ DP Clinical Isolates results\ELI 271 R1_E. coli_E.coli_IF 0a - Na-Succinate-Fe Citrate_4_37_SBR_709_4#12#2022_A_ 1A_0.OKA,4/12/2022 1:53:05 PM, 1-A,PM04A,ELI 271,"256    IF0a+Sodium Succinate/Ferric Citrate
257    IF0a+Sodium Succinate/Ferric Citrate
258    IF0a+Sodium Succinate/Ferric Citrate
259    IF0a+Sodium Succinate/Ferric Citrate
Name: Condition (Medium), dtype: object",E. coli,R1,1.75,11.0,11.0,20.8298,11.0,11.0,11.0,11.0,11.0,11.0,11.0,13.2358,13.389,11.0,11.0,11.0,11.0,11.0,11.0,11.0,11.0,21.7455,11.0,14.5557,15.3541,12.6093,11.0,17.2583,12.0805,11.0,11.0,11.0,11.571,11.0,12.8835,11.0,14.6317,19.0319,11.0,11.0,11.0,11.0,11.0,11.0,19.2913,11.0,11.0,11.0,17.9021,15.4859,11.0319,11.0,11.0,11.0,11.0,11.0,11.0,11.0,11.0,13.982,15.5855,19.4421,12.1533,11.0,11.0,11.0,11.0,11.0,11.0,11.0,11.0,11.0,18.5204,17.6624,12.2516,11.0,11.0,12.6034,11.0,11.0,11.0,11.0,11.0,16.1481,20.2707,20.5893,17.1327,11.8339,12.2903,13.9205,13.931,11.0,14.176,11.0,16.5506,18.3876,21.0289
F:\projects\DP_Clinical_strains\DP Clinical Isolates results-20220505T053100Z-001\ DP Clinical Isolates results\ELI 271 R1_E. coli_E.coli_IF 0a - Na-Succinate-Fe Citrate_4_37_SBR_709_4#12#2022_A_ 1A_0.OKA,4/12/2022 1:53:05 PM, 1-A,PM04A,ELI 271,"256    IF0a+Sodium Succinate/Ferric Citrate
257    IF0a+Sodium Succinate/Ferric Citrate
258    IF0a+Sodium Succinate/Ferric Citrate
259    IF0a+Sodium Succinate/Ferric Citrate
Name: Condition (Medium), dtype: object",E. coli,R1,2.0,11.9298,11.0,22.6034,11.0,11.0,11.0,11.0,11.0,12.9834,11.0,12.2319,15.2882,16.9193,11.0,11.0,11.0,11.0,11.0,11.0,11.0,29.4383,11.0,11.851,18.4967,12.7325,11.0,23.1258,16.6042,11.0,11.0,11.0,18.9903,11.0,21.7769,19.7005,14.8786,29.6906,16.772,11.0,11.0,11.0,11.0,11.0,19.4124,16.9957,12.1318,16.3249,15.1033,17.4167,11.0,11.0,11.0,11.0,11.0,11.0,11.0,11.0,11.0,17.7672,12.6481,17.8287,11.0,11.0,11.0,11.0,11.0,11.0,11.0,11.0,11.0,15.291,16.6983,16.202,11.6269,12.1044,11.0,12.3922,11.0,11.0,11.0,11.0,11.782,21.1222,21.5831,20.7712,22.1058,15.9037,14.2971,13.8862,11.0,12.9506,11.0,11.8794,20.1788,18.2544,18.2761
F:\projects\DP_Clinical_strains\DP Clinical Isolates results-20220505T053100Z-001\ DP Clinical Isolates results\ELI 271 R1_E. coli_E.coli_IF 0a - Na-Succinate-Fe Citrate_4_37_SBR_709_4#12#2022_A_ 1A_0.OKA,4/12/2022 1:53:05 PM, 1-A,PM04A,ELI 271,"256    IF0a+Sodium Succinate/Ferric Citrate
257    IF0a+Sodium Succinate/Ferric Citrate
258    IF0a+Sodium Succinate/Ferric Citrate
259    IF0a+Sodium Succinate/Ferric Citrate
Name: Condition (Medium), dtype: object",E. coli,R1,2.25,11.0,11.0,22.783,11.0,11.0,11.0,11.0,11.0,22.5938,19.3498,15.0783,17.4974,12.8939,11.0,16.6269,11.0,11.0,11.0,11.0,14.5208,45.1397,13.6856,20.7929,14.7878,17.2833,11.0,35.5319,43.4968,11.0,11.0634,11.0,30.0616,11.0,31.962,25.9655,19.1303,41.5236,21.5982,11.0,11.0,11.0,11.0,11.0,19.7236,30.915,23.6026,22.9764,17.2654,14.4032,11.0,11.0,11.0,11.0,11.0,11.0,11.0,11.0,11.0,11.0,19.9652,16.2122,11.0,11.0,11.0,11.0,11.0,11.0,11.0,11.0,11.0,13.4449,17.9056,17.9839,14.6836,11.0,11.0,13.8177,11.0,11.0,11.0,11.0,11.0,16.3004,15.8329,23.4183,18.0471,11.268,17.6266,17.5515,12.5073,11.0,11.0,14.1694,16.9087,13.9457,25.0846
F:\projects\DP_Clinical_strains\DP Clinical Isolates results-20220505T053100Z-001\ DP Clinical Isolates results\ELI 271 R1_E. coli_E.coli_IF 0a - Na-Succinate-Fe Citrate_4_37_SBR_709_4#12#2022_A_ 1A_0.OKA,4/12/2022 1:53:05 PM, 1-A,PM04A,ELI 271,"256    IF0a+Sodium Succinate/Ferric Citrate
257    IF0a+Sodium Succinate/Ferric Citrate
258    IF0a+Sodium Succinate/Ferric Citrate
259    IF0a+Sodium Succinate/Ferric Citrate
Name: Condition (Medium), dtype: object",E. coli,R1,2.5,11.0,11.0,19.8209,11.0,11.0,11.0,11.0,20.167,34.3165,27.5559,20.8152,20.0183,12.1097,11.0,22.985,11.91,11.0,11.0,11.0,23.8587,47.5369,22.7798,30.3196,19.0067,17.6544,11.0,45.3377,62.7427,11.0,19.4196,11.0,44.4678,11.0,47.1852,42.3258,17.9841,45.4919,45.3503,11.0,11.0,11.0,11.0,11.0,22.6897,43.7575,33.9431,36.7722,18.3953,15.9247,11.0,11.0,11.0,11.0,11.0,11.0,13.0931,11.0,18.4363,16.3005,19.649,21.8703,13.1208,11.0,11.0,11.0,11.0,11.0,11.0,11.0,11.0,15.8774,25.5528,24.4502,15.6221,12.7676,11.7841,15.1003,11.4197,14.8774,17.1204,11.0,11.0,21.8567,20.2483,30.3649,26.2955,14.685,16.807,18.5252,16.934,18.3978,16.3588,17.6937,18.1103,20.368,25.4046
F:\projects\DP_Clinical_strains\DP Clinical Isolates results-20220505T053100Z-001\ DP Clinical Isolates results\ELI 271 R1_E. coli_E.coli_IF 0a - Na-Succinate-Fe Citrate_4_37_SBR_709_4#12#2022_A_ 1A_0.OKA,4/12/2022 1:53:05 PM, 1-A,PM04A,ELI 271,"256    IF0a+Sodium Succinate/Ferric Citrate
257    IF0a+Sodium Succinate/Ferric Citrate
258    IF0a+Sodium Succinate/Ferric Citrate
259    IF0a+Sodium Succinate/Ferric Citrate
Name: Condition (Medium), dtype: object",E. coli,R1,2.75,14.1919,11.0,23.8202,11.0,11.0,11.0,11.0,23.6416,38.0324,34.729,26.2717,19.5209,16.4741,11.0,30.3507,17.1581,11.0,13.266,11.0,28.2916,61.8441,29.0228,36.8406,22.1512,17.5826,11.0,53.7315,75.7136,11.0,24.0096,11.0,57.7189,11.0,54.1169,50.3998,19.0576,59.6636,60.5202,11.0,11.0,11.0,11.0,11.0,28.6112,55.727,41.6982,50.0694,15.7457,18.2134,11.0,11.0,11.0,11.0,11.0,11.0,11.0,13.0099,25.715,18.0472,20.1633,17.3971,17.0125,11.0,15.2162,12.6347,14.062,11.0,18.4673,14.8585,12.0178,16.1373,26.4464,19.0273,16.389,18.1371,16.7907,22.0353,13.9028,14.029,17.0737,14.6817,16.0084,21.4511,21.6532,27.0377,20.8182,21.0214,19.6676,17.99,16.0146,19.2868,15.1657,16.5711,24.6427,23.9063,20.4862
F:\projects\DP_Clinical_strains\DP Clinical Isolates results-20220505T053100Z-001\ DP Clinical Isolates results\ELI 271 R1_E. coli_E.coli_IF 0a - Na-Succinate-Fe Citrate_4_37_SBR_709_4#12#2022_A_ 1A_0.OKA,4/12/2022 1:53:05 PM, 1-A,PM04A,ELI 271,"256    IF0a+Sodium Succinate/Ferric Citrate
257    IF0a+Sodium Succinate/Ferric Citrate
258    IF0a+Sodium Succinate/Ferric Citrate
259    IF0a+Sodium Succinate/Ferric Citrate
Name: Condition (Medium), dtype: object",E. coli,R1,3.0,11.7074,13.7722,20.3936,11.0,12.5422,11.0,11.0,27.1642,45.935,45.1398,30.4692,20.6158,16.6373,11.0,37.4177,22.8404,11.0,24.2259,12.9775,34.5355,60.3321,36.6192,41.9354,17.2195,20.938,11.2252,47.794,78.7425,11.0,32.6166,15.7563,61.9458,11.0,61.434,56.2256,17.7657,71.7725,76.3397,11.0,12.4089,11.0,14.4407,11.0,32.8386,62.6103,49.1244,62.0834,21.6504,17.4547,16.8306,11.0,11.0,11.3169,11.0,13.0142,11.0,14.4228,33.2771,20.0608,20.9423,22.3503,18.6447,11.0,13.0762,15.0608,15.6368,11.5129,18.9666,16.9966,11.0,16.3805,32.9082,21.6218,20.2241,19.7565,20.7574,25.863,15.2041,18.7131,17.0115,16.9973,12.4148,28.1427,24.5233,30.7607,22.6185,19.0658,21.7014,19.5261,20.0802,20.6258,13.6088,20.8822,21.2501,22.4953,27.2706
F:\projects\DP_Clinical_strains\DP Clinical Isolates results-20220505T053100Z-001\ DP Clinical Isolates results\ELI 271 R1_E. coli_E.coli_IF 0a - Na-Succinate-Fe Citrate_4_37_SBR_709_4#12#2022_A_ 1A_0.OKA,4/12/2022 1:53:05 PM, 1-A,PM04A,ELI 271,"256    IF0a+Sodium Succinate/Ferric Citrate
257    IF0a+Sodium Succinate/Ferric Citrate
258    IF0a+Sodium Succinate/Ferric Citrate
259    IF0a+Sodium Succinate/Ferric Citrate
Name: Condition (Medium), dtype: object",E. coli,R1,3.25,14.7812,13.6429,28.4147,11.0,18.0309,11.0,11.0,32.4839,56.4788,50.2323,37.4224,18.0931,18.2854,11.0,49.2497,21.0488,11.0,30.5424,16.912,41.6528,74.6389,42.6723,50.378,22.4297,24.159,11.0,57.8732,93.1477,11.0,46.7985,13.4803,73.6289,11.0,76.7383,69.689,24.3892,80.3609,93.7796,11.8479,14.6505,16.6529,18.5786,14.1335,40.1456,71.8757,60.2952,78.4887,22.9023,27.2992,15.8663,16.7386,11.0,11.9872,11.0,13.0857,15.6571,22.4481,42.4851,30.8092,18.357,27.8145,19.9329,11.0,20.9879,19.0587,23.4296,12.7931,25.0282,24.8291,18.5745,23.3407,37.3681,21.6226,24.9682,26.679,29.3271,32.2105,18.8547,21.9847,27.8542,24.1686,26.7203,29.7949,21.1245,37.0079,29.8999,22.3818,19.1627,25.3848,23.854,24.4978,19.9711,27.0494,27.2068,25.698,30.8849
F:\projects\DP_Clinical_strains\DP Clinical Isolates results-20220505T053100Z-001\ DP Clinical Isolates results\ELI 271 R1_E. coli_E.coli_IF 0a - Na-Succinate-Fe Citrate_4_37_SBR_709_4#12#2022_A_ 1A_0.OKA,4/12/2022 1:53:05 PM, 1-A,PM04A,ELI 271,"256    IF0a+Sodium Succinate/Ferric Citrate
257    IF0a+Sodium Succinate/Ferric Citrate
258    IF0a+Sodium Succinate/Ferric Citrate
259    IF0a+Sodium Succinate/Ferric Citrate
Name: Condition (Medium), dtype: object",E. coli,R1,3.5,13.0293,21.4351,27.4629,14.2312,16.0588,11.0,11.0,42.6672,64.0045,62.0415,39.5055,18.091,20.7661,11.5075,56.6067,31.0486,11.1937,33.051,15.1144,50.5356,87.6362,48.4354,53.3894,15.2857,28.863,17.2259,71.8041,99.9771,11.0,70.3207,18.4832,80.0365,11.0,85.6108,83.1206,17.6479,81.1401,103.6863,16.9058,16.8621,23.129,22.0496,22.9102,42.9668,82.5677,67.9983,85.3525,19.1814,26.5174,21.3362,16.1871,14.1534,21.4589,11.0,18.1464,11.2234,27.5866,46.2477,22.3868,23.0628,25.495,24.3242,12.2054,25.3302,21.9339,22.8759,11.0969,30.3326,23.6234,19.8935,26.4161,38.7209,23.3654,29.677,26.2748,29.6258,36.4086,23.4351,25.8958,27.9666,28.4433,28.7436,31.1559,23.7426,44.6669,29.9332,26.0791,22.3005,27.0078,24.583,21.727,21.9116,22.1341,26.117,25.6159,26.5058
F:\projects\DP_Clinical_strains\DP Clinical Isolates results-20220505T053100Z-001\ DP Clinical Isolates results\ELI 271 R1_E. coli_E.coli_IF 0a - Na-Succinate-Fe Citrate_4_37_SBR_709_4#12#2022_A_ 1A_0.OKA,4/12/2022 1:53:05 PM, 1-A,PM04A,ELI 271,"256    IF0a+Sodium Succinate/Ferric Citrate
257    IF0a+Sodium Succinate/Ferric Citrate
258    IF0a+Sodium Succinate/Ferric Citrate
259    IF0a+Sodium Succinate/Ferric Citrate
Name: Condition (Medium), dtype: object",E. coli,R1,3.75,15.9751,23.2123,28.3559,18.9183,23.338,11.0,11.0,54.8379,77.4122,71.5629,53.0811,21.4961,24.007,14.6687,65.3474,33.7482,19.6327,38.9554,25.7554,59.0775,104.0949,53.8491,61.3573,19.3097,36.1638,25.0905,90.3884,110.7027,11.0,86.9702,26.3249,90.1138,11.0,97.3505,91.8544,21.5863,88.6019,109.5671,21.2448,22.5739,29.1541,25.7268,24.1613,50.8112,97.6832,81.974,89.8696,23.8414,33.5178,27.7818,25.1802,18.2581,25.0609,11.0,23.7574,12.2726,34.7732,60.9698,29.2844,17.3815,31.0478,28.4644,17.8416,30.0997,27.6907,32.113,15.3958,30.9473,29.3469,21.3222,29.3969,48.605,29.6852,23.7802,32.4597,28.4073,41.3662,23.2449,29.4144,30.8749,31.2795,31.0574,35.3937,23.9473,55.187,36.8242,31.0067,23.4962,39.6112,30.0922,32.4179,24.9674,28.0536,32.0962,28.7083,33.7226
F:\projects\DP_Clinical_strains\DP Clinical Isolates results-20220505T053100Z-001\ DP Clinical Isolates results\ELI 271 R1_E. coli_E.coli_IF 0a - Na-Succinate-Fe Citrate_4_37_SBR_709_4#12#2022_A_ 1A_0.OKA,4/12/2022 1:53:05 PM, 1-A,PM04A,ELI 271,"256    IF0a+Sodium Succinate/Ferric Citrate
257    IF0a+Sodium Succinate/Ferric Citrate
258    IF0a+Sodium Succinate/Ferric Citrate
259    IF0a+Sodium Succinate/Ferric Citrate
Name: Condition (Medium), dtype: object",E. coli,R1,4.0,17.5547,32.8729,39.5401,23.2763,27.8072,11.0,11.0,57.8437,83.9246,75.6774,64.5661,20.5191,31.0093,17.8767,73.4264,42.6803,27.982,42.7421,27.3854,61.9912,115.6393,57.2758,59.7425,14.9918,36.6542,26.6753,103.3503,113.9975,11.0,110.914,34.339,94.459,11.0,100.6427,92.7915,21.0347,108.2101,113.6857,19.6748,27.4918,30.488,26.5853,28.6561,61.0613,107.5636,85.695,102.4926,21.2208,43.4991,32.8228,24.6517,19.4981,31.0364,12.605,24.6702,12.749,41.0119,63.5936,33.1091,27.5146,37.7965,30.7488,21.832,29.5361,31.3536,38.9695,22.5099,38.9877,36.602,25.9021,29.591,54.8776,29.0499,31.7727,38.06,32.6529,46.5846,34.0036,34.7407,35.1917,34.3975,39.8333,40.0246,25.2292,62.4575,42.8348,34.5295,30.3924,40.3716,39.8086,31.646,33.4797,32.1146,43.9089,33.4722,33.2399
F:\projects\DP_Clinical_strains\DP Clinical Isolates results-20220505T053100Z-001\ DP Clinical Isolates results\ELI 271 R1_E. coli_E.coli_IF 0a - Na-Succinate-Fe Citrate_4_37_SBR_709_4#12#2022_A_ 1A_0.OKA,4/12/2022 1:53:05 PM, 1-A,PM04A,ELI 271,"256    IF0a+Sodium Succinate/Ferric Citrate
257    IF0a+Sodium Succinate/Ferric Citrate
258    IF0a+Sodium Succinate/Ferric Citrate
259    IF0a+Sodium Succinate/Ferric Citrate
Name: Condition (Medium), dtype: object",E. coli,R1,4.25,17.9451,37.2456,42.6827,21.8535,30.7547,11.0,11.0,65.363,92.1017,82.1676,80.4372,25.3348,41.4265,15.7356,85.6727,44.8857,29.9899,53.1608,33.0717,70.8822,123.8653,65.1367,66.4155,19.986,47.3528,30.548,121.8396,124.1978,11.0,126.6899,38.6082,107.9072,11.0,111.8496,100.678,23.8063,122.7958,116.1148,28.3218,32.9361,39.0639,36.1446,32.3707,62.3736,108.9306,92.4757,110.4824,23.8957,51.0262,33.5937,30.8959,25.9564,37.4772,11.0,28.9816,15.9985,44.3067,69.5248,38.5534,19.0925,46.6904,36.0962,25.8281,38.9188,38.8683,42.9241,23.317,43.4474,42.832,32.3716,30.2181,63.9892,36.5752,33.6179,44.6666,41.3712,49.4315,36.3292,40.5247,39.8916,44.991,40.4529,41.3832,24.4807,74.4171,46.5047,43.0818,38.9235,46.5679,48.9096,41.3899,38.5044,35.8018,47.4533,42.0928,48.3293
F:\projects\DP_Clinical_strains\DP Clinical Isolates results-20220505T053100Z-001\ DP Clinical Isolates results\ELI 271 R1_E. coli_E.coli_IF 0a - Na-Succinate-Fe Citrate_4_37_SBR_709_4#12#2022_A_ 1A_0.OKA,4/12/2022 1:53:05 PM, 1-A,PM04A,ELI 271,"256    IF0a+Sodium Succinate/Ferric Citrate
257    IF0a+Sodium Succinate/Ferric Citrate
258    IF0a+Sodium Succinate/Ferric Citrate
259    IF0a+Sodium Succinate/Ferric Citrate
Name: Condition (Medium), dtype: object",E. coli,R1,4.5,18.9891,48.1755,49.8496,33.6206,29.4867,11.0,11.0,76.1312,99.3862,91.9846,91.267,25.0899,45.7898,22.2688,94.7173,53.9428,34.129,60.4516,35.0925,74.2309,138.3537,72.7059,81.582,23.9618,57.6692,36.1569,140.5582,124.4927,11.0,140.045,45.3088,115.8771,11.0,121.5108,111.1431,26.1863,129.9093,126.5484,32.1824,36.3318,44.5042,36.4633,45.8492,70.0575,114.2184,102.6268,112.9652,25.0399,54.1063,38.947,36.3829,31.8731,38.7637,12.1364,29.9641,21.3527,51.0651,76.0546,43.5286,26.8059,50.4817,42.5333,31.3917,49.3025,43.1822,48.1259,30.9193,46.7266,47.3378,37.315,41.5143,70.8245,42.3215,38.1059,43.8865,45.6021,56.0302,41.7774,43.1636,43.3433,48.9802,46.2325,47.088,28.3383,78.0613,55.944,58.0392,48.7429,55.7887,54.3968,51.3664,44.2666,40.0416,56.0933,47.6209,50.8448
F:\projects\DP_Clinical_strains\DP Clinical Isolates results-20220505T053100Z-001\ DP Clinical Isolates results\ELI 271 R1_E. coli_E.coli_IF 0a - Na-Succinate-Fe Citrate_4_37_SBR_709_4#12#2022_A_ 1A_0.OKA,4/12/2022 1:53:05 PM, 1-A,PM04A,ELI 271,"256    IF0a+Sodium Succinate/Ferric Citrate
257    IF0a+Sodium Succinate/Ferric Citrate
258    IF0a+Sodium Succinate/Ferric Citrate
259    IF0a+Sodium Succinate/Ferric Citrate
Name: Condition (Medium), dtype: object",E. coli,R1,4.75,21.1578,52.9261,48.63,37.3475,32.5521,11.0,11.0,82.9715,103.9978,102.1082,95.8673,26.7965,48.8122,24.0794,95.8756,52.8404,36.453,58.15,39.5638,73.1449,147.2123,77.8546,85.2104,22.9009,65.8397,37.8547,146.6463,133.3226,11.0,147.2993,46.1378,124.4635,11.0,127.6723,117.2895,24.1089,133.1883,127.9132,33.4434,43.5494,46.3084,39.8605,47.8477,74.4734,122.0821,104.7261,118.3242,25.4335,62.137,40.4656,41.4132,35.4371,43.3432,12.1057,33.9195,20.816,57.1499,83.3801,43.9198,22.7102,55.443,45.2675,34.6444,47.9271,46.0353,51.5959,32.8337,43.5468,49.6306,37.5545,43.3873,77.0904,49.7339,44.9515,48.1397,43.1561,62.4267,40.2485,48.7177,43.8412,46.2685,46.5145,53.4572,29.3039,84.6709,64.0062,55.9516,50.3305,61.9655,60.4977,54.4273,46.2888,53.903,65.1638,51.1269,55.8494
F:\projects\DP_Clinical_strains\DP Clinical Isolates results-20220505T053100Z-001\ DP Clinical Isolates results\ELI 271 R1_E. coli_E.coli_IF 0a - Na-Succinate-Fe Citrate_4_37_SBR_709_4#12#2022_A_ 1A_0.OKA,4/12/2022 1:53:05 PM, 1-A,PM04A,ELI 271,"256    IF0a+Sodium Succinate/Ferric Citrate
257    IF0a+Sodium Succinate/Ferric Citrate
258    IF0a+Sodium Succinate/Ferric Citrate
259    IF0a+Sodium Succinate/Ferric Citrate
Name: Condition (Medium), dtype: object",E. coli,R1,5.0,21.177,59.339,46.5902,47.0164,36.8623,11.0,11.0,89.096,113.2334,108.8918,104.3779,26.678,58.2816,32.5726,99.1806,59.4464,42.5506,65.6793,49.8774,82.4164,157.5888,88.5557,95.0326,21.8011,67.3704,45.3797,156.6574,138.369,11.0,158.6881,51.2244,133.7168,14.828,134.4626,120.6856,26.8018,141.2796,135.8031,42.699,45.5735,57.6757,43.819,55.5833,79.6738,128.6646,113.8889,121.5476,24.4158,70.5471,47.6658,43.673,35.4894,44.3833,12.0145,35.4401,22.4607,67.0858,84.7248,46.6008,21.2596,58.9234,49.5085,39.6948,54.0457,51.283,53.6321,36.227,51.493,57.5475,46.275,46.4616,84.8465,50.4238,48.2513,52.7636,48.8134,66.9394,43.1787,54.2137,44.2153,54.1751,53.9132,52.0294,28.9254,87.7186,69.8416,69.4679,54.9512,69.2244,58.3432,60.2188,46.8854,57.3214,69.6184,59.6568,60.8453
F:\projects\DP_Clinical_strains\DP Clinical Isolates results-20220505T053100Z-001\ DP Clinical Isolates results\ELI 271 R1_E. coli_E.coli_IF 0a - Na-Succinate-Fe Citrate_4_37_SBR_709_4#12#2022_A_ 1A_0.OKA,4/12/2022 1:53:05 PM, 1-A,PM04A,ELI 271,"256    IF0a+Sodium Succinate/Ferric Citrate
257    IF0a+Sodium Succinate/Ferric Citrate
258    IF0a+Sodium Succinate/Ferric Citrate
259    IF0a+Sodium Succinate/Ferric Citrate
Name: Condition (Medium), dtype: object",E. coli,R1,5.25,25.1048,61.6893,59.474,53.9312,38.0897,11.0,11.0,92.7174,121.5458,115.7787,113.271,27.0518,62.5237,36.1584,104.6631,62.2985,49.9935,72.8147,48.3774,89.5141,162.7288,96.0511,100.0162,25.468,80.3126,49.9254,166.1349,145.9549,11.0,166.1557,56.9407,142.5491,13.47,145.8293,130.2586,30.1678,146.5237,137.9661,45.4697,49.0702,56.8105,47.9331,56.8064,85.8904,134.7809,123.7014,127.7819,24.8998,74.0852,53.5064,44.5852,46.9137,51.3102,14.3564,39.7469,20.1388,74.2135,92.774,54.2629,24.9396,63.1117,52.6091,40.7402,50.9359,56.5784,57.0043,40.9496,57.5593,59.1605,46.9376,51.0932,91.8292,54.1949,51.3481,58.8166,53.9812,70.9228,48.2117,56.2058,57.7072,58.1327,55.8479,57.9064,29.5628,97.7294,78.4901,76.8503,62.255,75.7223,70.5308,66.6008,59.0375,63.3802,74.7417,66.1371,64.9862
F:\projects\DP_Clinical_strains\DP Clinical Isolates results-20220505T053100Z-001\ DP Clinical Isolates results\ELI 271 R1_E. coli_E.coli_IF 0a - Na-Succinate-Fe Citrate_4_37_SBR_709_4#12#2022_A_ 1A_0.OKA,4/12/2022 1:53:05 PM, 1-A,PM04A,ELI 271,"256    IF0a+Sodium Succinate/Ferric Citrate
257    IF0a+Sodium Succinate/Ferric Citrate
258    IF0a+Sodium Succinate/Ferric Citrate
259    IF0a+Sodium Succinate/Ferric Citrate
Name: Condition (Medium), dtype: object",E. coli,R1,5.5,19.4334,69.9949,60.8364,57.0277,42.4516,11.0,11.0,97.9707,121.9719,123.707,119.6798,27.326,63.1835,36.3105,109.1586,67.3581,54.2214,75.1589,51.9709,90.9665,170.5252,106.2859,104.5658,23.4338,87.0076,53.2922,167.9153,142.3405,11.0,172.4694,58.9318,149.7941,15.6024,151.5378,137.2784,29.9378,150.8782,140.1238,44.3888,51.8728,59.9785,53.7378,62.4869,91.8438,141.0097,129.4501,136.711,24.9023,75.6923,54.82,52.5477,42.3002,52.3376,12.5243,38.3542,21.713,75.1878,96.1877,56.0603,20.6612,62.2507,55.7436,45.485,58.7726,56.7721,60.1264,47.8077,56.3546,60.44,48.2993,57.3797,95.9361,57.4002,51.4762,61.6241,57.2413,75.8197,47.3073,57.5189,57.6252,61.0985,58.0081,56.2806,30.5138,102.4935,81.2403,80.6288,70.5771,75.6815,77.9453,69.5016,58.5141,72.6325,80.5767,70.7666,66.2464
F:\projects\DP_Clinical_strains\DP Clinical Isolates results-20220505T053100Z-001\ DP Clinical Isolates results\ELI 271 R1_E. coli_E.coli_IF 0a - Na-Succinate-Fe Citrate_4_37_SBR_709_4#12#2022_A_ 1A_0.OKA,4/12/2022 1:53:05 PM, 1-A,PM04A,ELI 271,"256    IF0a+Sodium Succinate/Ferric Citrate
257    IF0a+Sodium Succinate/Ferric Citrate
258    IF0a+Sodium Succinate/Ferric Citrate
259    IF0a+Sodium Succinate/Ferric Citrate
Name: Condition (Medium), dtype: object",E. coli,R1,5.75,21.4296,75.3179,62.9796,66.9043,42.7058,11.0,11.0,102.4364,134.5592,133.2771,124.8433,29.0891,64.92,40.8977,112.2322,69.8867,53.5162,78.5826,60.3001,99.9373,179.9975,113.0038,120.7716,21.254,87.5353,55.7028,176.4722,151.9622,11.0,178.3138,65.4164,156.7874,11.2226,159.4453,145.2553,25.5743,158.3972,143.9749,50.8885,55.9242,65.1381,53.3218,66.1445,97.0365,146.7727,134.4895,139.7986,22.292,83.8979,60.173,55.582,49.5686,57.4375,13.8285,40.3491,22.3882,80.641,105.2173,59.3078,25.9792,65.3889,61.1903,47.0645,66.5374,56.9047,63.8269,49.8633,60.6507,66.1927,53.8058,57.1632,99.5057,59.0729,52.3019,62.8268,62.0132,79.0701,53.1921,60.4239,61.0,63.4891,64.431,65.6566,24.7936,105.3582,88.5697,85.6129,72.891,84.5503,77.4145,74.1332,60.6868,72.4803,87.3596,72.4254,70.7748
F:\projects\DP_Clinical_strains\DP Clinical Isolates results-20220505T053100Z-001\ DP Clinical Isolates results\ELI 271 R1_E. coli_E.coli_IF 0a - Na-Succinate-Fe Citrate_4_37_SBR_709_4#12#2022_A_ 1A_0.OKA,4/12/2022 1:53:05 PM, 1-A,PM04A,ELI 271,"256    IF0a+Sodium Succinate/Ferric Citrate
257    IF0a+Sodium Succinate/Ferric Citrate
258    IF0a+Sodium Succinate/Ferric Citrate
259    IF0a+Sodium Succinate/Ferric Citrate
Name: Condition (Medium), dtype: object",E. coli,R1,6.0,18.9283,84.0554,71.1178,72.2439,46.7577,11.0,11.0,115.8276,143.901,142.7189,139.3542,31.8267,74.7232,45.5634,115.3287,80.9574,58.2977,83.6157,60.2054,101.0254,181.2879,120.5625,125.0469,23.0151,100.7187,60.8029,182.7459,158.5443,11.0,182.1703,65.9085,166.1723,14.1273,165.1018,153.7868,28.9292,164.4353,145.2586,53.5415,63.6329,71.1446,58.3035,73.5625,99.1451,152.4982,141.1194,144.649,22.9019,88.1608,61.4653,57.0901,53.8604,59.7878,13.2363,42.773,19.4031,85.1268,107.3657,59.0938,25.5778,69.2506,63.1263,49.982,67.6189,63.4895,67.4717,56.871,67.5493,66.9396,53.1453,58.6315,108.7995,65.5275,57.8246,67.4782,64.0261,82.9058,55.205,68.9206,63.3924,67.0549,62.1632,69.4595,25.8101,113.2197,91.0624,89.7884,73.2335,87.452,82.804,81.0112,68.484,79.91,97.898,75.7896,70.4403
F:\projects\DP_Clinical_strains\DP Clinical Isolates results-20220505T053100Z-001\ DP Clinical Isolates results\ELI 271 R1_E. coli_E.coli_IF 0a - Na-Succinate-Fe Citrate_4_37_SBR_709_4#12#2022_A_ 1A_0.OKA,4/12/2022 1:53:05 PM, 1-A,PM04A,ELI 271,"256    IF0a+Sodium Succinate/Ferric Citrate
257    IF0a+Sodium Succinate/Ferric Citrate
258    IF0a+Sodium Succinate/Ferric Citrate
259    IF0a+Sodium Succinate/Ferric Citrate
Name: Condition (Medium), dtype: object",E. coli,R1,6.25,23.6311,91.9143,74.459,79.0216,60.5117,11.0,11.0,117.1058,151.5735,150.038,148.4278,32.3288,81.2289,51.2877,121.4868,86.2627,64.7966,95.1892,69.9023,110.9497,194.7761,131.8399,133.3786,24.1364,109.9544,63.7353,187.6517,162.2804,11.0,194.4952,74.0637,174.4762,16.2868,173.884,161.5977,30.1689,174.4298,149.4883,62.975,69.0554,75.605,63.7794,75.4185,110.0858,159.5899,149.9361,148.6901,26.2835,96.4481,67.4894,63.7183,62.7428,64.9784,14.4467,50.6126,25.2752,99.1647,114.9197,71.8596,27.8248,77.9807,68.972,57.9263,72.0216,70.3568,70.0567,61.5983,69.3113,71.102,56.0694,64.9284,116.1794,67.5007,63.9474,76.5981,73.4197,92.4067,55.855,70.9099,66.5069,74.9889,70.8087,76.736,29.4868,118.3831,94.4881,91.8819,76.7107,89.6646,89.8208,85.1401,69.5031,87.5434,104.7132,82.6448,75.0424
F:\projects\DP_Clinical_strains\DP Clinical Isolates results-20220505T053100Z-001\ DP Clinical Isolates results\ELI 271 R1_E. coli_E.coli_IF 0a - Na-Succinate-Fe Citrate_4_37_SBR_709_4#12#2022_A_ 1A_0.OKA,4/12/2022 1:53:05 PM, 1-A,PM04A,ELI 271,"256    IF0a+Sodium Succinate/Ferric Citrate
257    IF0a+Sodium Succinate/Ferric Citrate
258    IF0a+Sodium Succinate/Ferric Citrate
259    IF0a+Sodium Succinate/Ferric Citrate
Name: Condition (Medium), dtype: object",E. coli,R1,6.5,20.7062,96.5328,74.2898,88.5227,65.8221,11.0,14.064,127.1973,160.4878,161.7444,159.6494,33.0014,83.2834,52.5471,128.5512,95.1146,71.2405,101.1026,74.7949,120.415,202.0516,138.8297,143.6141,21.1502,113.8511,70.0997,189.9275,169.2858,11.0,190.7807,82.6562,179.6975,15.5348,174.6372,167.9005,28.5119,179.1167,150.3833,68.0764,73.0006,81.7308,67.692,83.4759,110.4074,163.6665,154.0809,152.2801,28.1363,103.1285,71.6454,66.8263,67.613,72.4746,17.1498,48.8732,28.3927,101.9221,122.2673,69.1599,26.2746,78.6869,76.1504,60.7017,78.9935,73.0701,72.1831,65.7906,73.737,74.8202,64.5946,64.8083,123.1474,68.7608,63.5378,77.1118,78.6337,96.4263,59.0268,77.2173,76.7531,75.3034,76.362,78.1683,31.649,120.3022,100.1391,96.748,80.0209,95.8143,94.471,88.5979,73.3784,91.8506,115.4608,87.5442,72.7156
F:\projects\DP_Clinical_strains\DP Clinical Isolates results-20220505T053100Z-001\ DP Clinical Isolates results\ELI 271 R1_E. coli_E.coli_IF 0a - Na-Succinate-Fe Citrate_4_37_SBR_709_4#12#2022_A_ 1A_0.OKA,4/12/2022 1:53:05 PM, 1-A,PM04A,ELI 271,"256    IF0a+Sodium Succinate/Ferric Citrate
257    IF0a+Sodium Succinate/Ferric Citrate
258    IF0a+Sodium Succinate/Ferric Citrate
259    IF0a+Sodium Succinate/Ferric Citrate
Name: Condition (Medium), dtype: object",E. coli,R1,6.75,16.5661,102.8121,73.9758,94.4541,68.299,11.0,11.0,131.1329,165.9221,164.0257,166.2237,36.0274,91.7155,56.4636,132.3076,95.7916,71.9038,104.3594,77.8576,126.8109,203.1576,146.0419,155.3455,22.4823,119.8932,73.1825,194.8467,170.7477,11.0,200.4337,82.6061,189.2675,17.4254,180.9615,174.3446,27.9912,182.5095,157.518,67.7961,76.9538,89.2034,73.1642,87.3342,114.7791,171.1458,160.9329,155.9457,30.7754,104.902,77.6136,71.5154,72.3525,72.2874,14.468,50.1019,23.7148,102.3504,122.537,73.3839,25.7065,80.9292,74.3741,63.5951,81.0153,80.747,78.6343,70.3188,77.1431,75.982,61.8855,69.8388,129.6545,71.3178,68.2039,80.3623,81.6963,98.8173,59.2468,85.4621,78.163,80.3911,76.1623,86.1735,25.9675,128.7715,105.3821,103.6411,84.0349,98.4935,102.3065,94.2795,76.1548,97.2547,117.398,91.1974,74.6222
F:\projects\DP_Clinical_strains\DP Clinical Isolates results-20220505T053100Z-001\ DP Clinical Isolates results\ELI 271 R1_E. coli_E.coli_IF 0a - Na-Succinate-Fe Citrate_4_37_SBR_709_4#12#2022_A_ 1A_0.OKA,4/12/2022 1:53:05 PM, 1-A,PM04A,ELI 271,"256    IF0a+Sodium Succinate/Ferric Citrate
257    IF0a+Sodium Succinate/Ferric Citrate
258    IF0a+Sodium Succinate/Ferric Citrate
259    IF0a+Sodium Succinate/Ferric Citrate
Name: Condition (Medium), dtype: object",E. coli,R1,7.0,18.9116,112.0476,71.8996,96.3099,73.0707,11.0,11.0,140.7035,168.8258,162.8685,174.1323,34.5368,97.3924,59.0324,133.5624,104.1766,75.8597,106.9824,82.6101,129.7406,211.8374,153.0082,156.4363,25.9318,128.5172,76.8669,195.1256,176.7573,13.4366,202.0374,80.595,194.2901,15.4115,184.9817,174.3833,27.2023,182.94,156.8151,71.9583,79.4267,93.6128,74.0592,96.3918,117.6291,178.5599,169.7779,162.6794,28.9333,114.8601,79.9346,74.9721,76.8133,77.5709,11.4465,50.1197,22.2213,108.8541,136.5726,80.4534,27.351,81.178,81.1001,69.6131,86.9461,82.2488,82.8378,70.7636,77.3468,81.8227,64.6542,73.9278,138.6821,72.3594,73.8444,85.9594,84.3721,107.985,61.1933,86.0709,81.1463,85.5512,80.7737,86.6074,33.2596,137.1328,105.9652,101.6667,88.3337,103.8344,102.574,96.1709,75.6473,101.618,118.3061,92.8804,78.8973
F:\projects\DP_Clinical_strains\DP Clinical Isolates results-20220505T053100Z-001\ DP Clinical Isolates results\ELI 271 R1_E. coli_E.coli_IF 0a - Na-Succinate-Fe Citrate_4_37_SBR_709_4#12#2022_A_ 1A_0.OKA,4/12/2022 1:53:05 PM, 1-A,PM04A,ELI 271,"256    IF0a+Sodium Succinate/Ferric Citrate
257    IF0a+Sodium Succinate/Ferric Citrate
258    IF0a+Sodium Succinate/Ferric Citrate
259    IF0a+Sodium Succinate/Ferric Citrate
Name: Condition (Medium), dtype: object",E. coli,R1,7.25,19.396,116.5921,80.4907,103.2729,81.914,11.0,11.0,151.063,180.0697,171.381,183.3486,39.1682,101.0841,64.7624,142.7541,106.8481,82.6077,114.5864,91.7571,135.2582,211.667,158.8859,159.6721,20.0226,128.2766,82.5578,202.37,179.7213,11.0,205.9087,89.9004,197.7602,13.5706,188.0378,180.3285,30.9949,189.7011,161.0612,79.0089,87.5212,102.0205,74.371,97.9121,119.5249,185.3142,175.4065,164.0129,27.4396,121.9604,87.0957,82.8443,80.9465,84.6692,16.155,57.8466,26.5472,119.9468,140.2597,81.7157,25.3697,79.5718,85.3005,70.701,89.7447,87.1878,86.4157,71.3889,82.3422,83.0676,69.4743,78.6601,146.4885,73.9998,75.3005,84.9116,84.4255,111.9036,62.0991,88.2668,88.6864,85.7417,85.0759,92.0343,30.7198,140.0311,104.4326,102.1739,87.3531,100.4032,113.7136,104.4567,78.5649,104.0626,127.8559,100.4581,86.0344
F:\projects\DP_Clinical_strains\DP Clinical Isolates results-20220505T053100Z-001\ DP Clinical Isolates results\ELI 271 R1_E. coli_E.coli_IF 0a - Na-Succinate-Fe Citrate_4_37_SBR_709_4#12#2022_A_ 1A_0.OKA,4/12/2022 1:53:05 PM, 1-A,PM04A,ELI 271,"256    IF0a+Sodium Succinate/Ferric Citrate
257    IF0a+Sodium Succinate/Ferric Citrate
258    IF0a+Sodium Succinate/Ferric Citrate
259    IF0a+Sodium Succinate/Ferric Citrate
Name: Condition (Medium), dtype: object",E. coli,R1,7.5,22.4673,124.4929,86.2647,111.0819,83.8876,11.0,11.0,156.466,189.3442,177.8719,187.9671,41.4609,107.7872,70.1326,143.7327,113.4841,87.9944,119.4858,97.721,143.8343,219.1483,169.2983,167.5657,25.1006,140.3657,88.4104,205.1832,186.1014,11.0,212.8366,95.3203,204.352,11.8281,193.5071,186.8175,28.8048,193.9078,161.5818,83.223,88.9323,103.3097,89.1914,100.0137,126.3057,195.3627,181.5209,173.309,28.4649,132.1318,94.2666,88.2641,87.8507,84.1615,17.8053,58.5511,26.0748,120.8428,148.7633,85.3662,26.2752,83.8616,90.6835,76.0308,95.7855,90.4422,86.635,80.2041,84.5163,87.5179,69.2855,82.6417,156.9622,78.9962,74.2397,88.9112,89.3076,115.6144,66.7318,93.2644,92.0783,99.4909,92.4586,97.5593,31.7063,147.0641,108.993,105.526,92.2599,107.395,117.291,107.5417,85.2674,110.8443,128.7551,104.7003,85.3758
F:\projects\DP_Clinical_strains\DP Clinical Isolates results-20220505T053100Z-001\ DP Clinical Isolates results\ELI 271 R1_E. coli_E.coli_IF 0a - Na-Succinate-Fe Citrate_4_37_SBR_709_4#12#2022_A_ 1A_0.OKA,4/12/2022 1:53:05 PM, 1-A,PM04A,ELI 271,"256    IF0a+Sodium Succinate/Ferric Citrate
257    IF0a+Sodium Succinate/Ferric Citrate
258    IF0a+Sodium Succinate/Ferric Citrate
259    IF0a+Sodium Succinate/Ferric Citrate
Name: Condition (Medium), dtype: object",E. coli,R1,7.75,20.4983,127.3907,88.8789,114.4625,82.7287,11.0,11.0,164.3846,190.0721,184.4904,193.2285,37.0318,114.2678,75.7328,149.5475,115.9996,94.2825,125.6392,100.6344,149.5766,218.8569,173.0543,175.1894,26.1464,143.7567,91.4848,209.3605,190.9324,11.0,216.4819,100.9738,208.0302,16.1655,197.272,189.2053,31.2737,201.1541,164.3096,89.7025,94.9978,105.56,87.8701,105.3654,131.5568,198.5429,188.8849,177.4763,29.4715,131.8427,96.0645,86.2324,89.1992,91.5028,15.4119,68.84,26.6507,129.0856,155.7717,88.9097,29.4097,85.3327,94.7801,78.8273,98.3887,95.4503,89.0972,88.4109,88.7509,89.2836,75.2438,84.7741,161.6487,78.0358,83.9446,92.7676,94.2124,118.4309,65.5731,100.7429,94.5129,94.9558,91.0312,102.2785,31.8942,146.2875,113.8996,104.0844,94.3251,109.1064,119.9015,111.2212,80.0882,113.274,133.8679,107.7815,86.6889
F:\projects\DP_Clinical_strains\DP Clinical Isolates results-20220505T053100Z-001\ DP Clinical Isolates results\ELI 271 R1_E. coli_E.coli_IF 0a - Na-Succinate-Fe Citrate_4_37_SBR_709_4#12#2022_A_ 1A_0.OKA,4/12/2022 1:53:05 PM, 1-A,PM04A,ELI 271,"256    IF0a+Sodium Succinate/Ferric Citrate
257    IF0a+Sodium Succinate/Ferric Citrate
258    IF0a+Sodium Succinate/Ferric Citrate
259    IF0a+Sodium Succinate/Ferric Citrate
Name: Condition (Medium), dtype: object",E. coli,R1,8.0,23.317,135.294,92.2852,125.8563,102.43,11.0,13.5332,174.5544,199.3836,190.8461,201.3066,42.5226,121.2363,84.8443,155.5644,125.6487,98.9869,128.5393,112.5453,161.0242,223.6113,184.205,183.2734,26.5318,157.4711,100.1019,210.4477,198.625,11.0,223.5949,105.7742,213.9097,17.9188,196.4277,197.7816,33.3684,207.003,173.7632,91.7694,104.0525,114.0196,95.8089,112.0879,136.5862,202.6004,194.2866,187.3889,33.084,146.1509,103.5832,96.8972,98.7347,97.2652,18.8869,69.7186,28.1853,134.5712,163.1653,98.6403,30.4306,87.7552,101.9322,87.3575,105.9142,104.0083,94.8923,96.148,97.5557,98.0247,82.1547,90.5426,161.5633,85.4551,88.5487,101.763,99.0343,125.62,67.4069,108.69,103.446,103.2478,101.6038,104.2,39.0493,155.8205,118.1392,107.7038,97.6424,113.8298,126.933,117.2087,86.1721,128.2662,148.8414,118.8899,91.5798
F:\projects\DP_Clinical_strains\DP Clinical Isolates results-20220505T053100Z-001\ DP Clinical Isolates results\ELI 271 R1_E. coli_E.coli_IF 0a - Na-Succinate-Fe Citrate_4_37_SBR_709_4#12#2022_A_ 1A_0.OKA,4/12/2022 1:53:05 PM, 1-A,PM04A,ELI 271,"256    IF0a+Sodium Succinate/Ferric Citrate
257    IF0a+Sodium Succinate/Ferric Citrate
258    IF0a+Sodium Succinate/Ferric Citrate
259    IF0a+Sodium Succinate/Ferric Citrate
Name: Condition (Medium), dtype: object",E. coli,R1,8.25,17.6032,140.2384,99.0813,130.4996,106.7815,11.0,11.0645,175.6434,200.3568,194.7567,209.5858,45.6422,122.9351,89.3105,164.8669,130.8985,101.8632,138.0444,112.3504,165.8423,230.0889,189.2289,190.1503,24.9574,162.655,102.468,218.3171,202.2212,11.0,225.8908,107.2191,215.9169,18.4304,202.4272,201.307,29.1629,213.4957,179.7304,97.1097,106.1401,116.2899,96.0635,119.2614,141.4733,202.9119,196.9557,180.1327,33.3929,147.2086,107.3466,100.4041,97.6857,102.5086,19.2293,75.0556,31.0267,138.9025,164.7803,97.3306,30.177,92.5214,105.5446,91.8922,106.328,107.3359,105.901,98.2384,98.4009,99.8671,80.9996,90.1406,166.8644,87.3264,89.0991,103.8699,106.4775,131.4013,73.2732,108.7487,98.5316,102.2591,99.8266,103.061,34.8165,157.9545,127.7524,119.3216,97.6577,119.4759,133.9426,123.3609,86.2037,131.6432,151.5925,117.9172,82.8553
F:\projects\DP_Clinical_strains\DP Clinical Isolates results-20220505T053100Z-001\ DP Clinical Isolates results\ELI 271 R1_E. coli_E.coli_IF 0a - Na-Succinate-Fe Citrate_4_37_SBR_709_4#12#2022_A_ 1A_0.OKA,4/12/2022 1:53:05 PM, 1-A,PM04A,ELI 271,"256    IF0a+Sodium Succinate/Ferric Citrate
257    IF0a+Sodium Succinate/Ferric Citrate
258    IF0a+Sodium Succinate/Ferric Citrate
259    IF0a+Sodium Succinate/Ferric Citrate
Name: Condition (Medium), dtype: object",E. coli,R1,8.5,21.8586,150.5016,101.0015,132.4739,111.3311,11.0,11.0,181.6082,208.6535,200.1105,213.6086,45.2096,126.9382,92.5335,169.8589,130.1722,108.7435,139.4488,112.3548,172.3844,229.8483,199.0218,193.1789,27.7625,165.0776,109.4583,218.3919,204.7692,11.0,227.694,115.0185,219.7926,17.3243,203.8868,204.5977,30.2785,221.1645,175.5772,100.1646,114.151,120.7906,97.6412,121.6513,147.2566,207.7036,199.9287,188.1425,30.2078,154.9658,113.6572,103.2639,102.9284,99.5617,19.5733,73.6785,31.3639,145.3876,172.2884,100.6311,29.2261,95.398,106.8485,94.6793,111.604,112.725,104.2711,102.7371,101.5238,106.2153,81.1604,91.6572,175.0723,86.2441,88.2971,107.4712,112.609,133.5484,76.1105,111.052,102.0087,105.4876,106.0503,111.2573,39.9282,164.1659,128.5884,116.3103,97.2939,124.5362,130.5117,131.3158,91.3106,137.0465,158.1853,119.3036,90.3834
F:\projects\DP_Clinical_strains\DP Clinical Isolates results-20220505T053100Z-001\ DP Clinical Isolates results\ELI 271 R1_E. coli_E.coli_IF 0a - Na-Succinate-Fe Citrate_4_37_SBR_709_4#12#2022_A_ 1A_0.OKA,4/12/2022 1:53:05 PM, 1-A,PM04A,ELI 271,"256    IF0a+Sodium Succinate/Ferric Citrate
257    IF0a+Sodium Succinate/Ferric Citrate
258    IF0a+Sodium Succinate/Ferric Citrate
259    IF0a+Sodium Succinate/Ferric Citrate
Name: Condition (Medium), dtype: object",E. coli,R1,8.75,21.9953,159.3033,103.059,145.0278,117.5823,12.4232,11.0,183.4822,209.7396,203.3561,218.8569,42.4503,133.6162,96.8934,175.8604,137.4739,111.9718,145.255,119.01,179.7829,229.7862,199.3614,197.9949,24.4896,173.7322,112.6143,223.8003,208.4893,11.0,229.165,115.5545,225.2434,14.0649,210.4715,206.0851,32.096,221.0175,184.6437,104.4987,113.997,123.7165,103.0443,126.419,150.9096,212.3374,204.2677,189.6563,29.4513,156.8308,116.282,108.7259,107.4984,107.756,11.8043,77.184,26.6673,153.1624,176.3265,102.0462,30.7734,96.6708,110.2649,101.988,113.7742,115.4786,110.6825,105.732,104.6316,107.453,83.5531,91.1749,177.6836,84.2714,94.593,110.2592,116.5116,139.2339,74.7598,118.8154,102.6329,111.5338,108.049,115.6523,35.1462,168.769,134.8189,120.4241,98.6302,130.7053,143.0835,134.9802,86.8539,141.3245,168.1623,123.8316,88.7646
F:\projects\DP_Clinical_strains\DP Clinical Isolates results-20220505T053100Z-001\ DP Clinical Isolates results\ELI 271 R1_E. coli_E.coli_IF 0a - Na-Succinate-Fe Citrate_4_37_SBR_709_4#12#2022_A_ 1A_0.OKA,4/12/2022 1:53:05 PM, 1-A,PM04A,ELI 271,"256    IF0a+Sodium Succinate/Ferric Citrate
257    IF0a+Sodium Succinate/Ferric Citrate
258    IF0a+Sodium Succinate/Ferric Citrate
259    IF0a+Sodium Succinate/Ferric Citrate
Name: Condition (Medium), dtype: object",E. coli,R1,9.0,18.2835,160.2695,109.8519,148.4091,127.9663,12.2603,11.0,189.934,212.9216,210.3366,221.4007,41.9085,138.3293,105.7519,178.9055,141.1027,118.2092,153.6853,127.9657,180.3033,231.4878,208.8675,203.0345,28.1937,172.9531,116.8791,226.5192,213.7133,12.2659,233.8705,120.7348,225.5622,16.8303,212.9601,211.8579,35.5953,225.303,186.2591,109.8741,121.9508,130.9782,106.2258,131.3994,154.0612,215.3099,206.8195,193.2895,29.585,161.8657,119.4716,114.6808,106.2536,111.0396,18.8874,78.8253,30.61,155.3987,178.4301,105.6007,30.9511,95.8619,112.2289,100.826,117.903,121.7862,117.9864,105.1706,108.6716,106.9574,84.9396,97.8463,179.6925,86.2068,98.0861,115.6139,119.9543,139.934,74.074,119.0431,108.877,112.1936,108.9226,121.1052,40.8114,169.9847,137.9857,124.8113,104.0129,136.9603,143.0083,133.9434,94.4167,145.8432,169.657,129.3499,86.2056
F:\projects\DP_Clinical_strains\DP Clinical Isolates results-20220505T053100Z-001\ DP Clinical Isolates results\ELI 271 R1_E. coli_E.coli_IF 0a - Na-Succinate-Fe Citrate_4_37_SBR_709_4#12#2022_A_ 1A_0.OKA,4/12/2022 1:53:05 PM, 1-A,PM04A,ELI 271,"256    IF0a+Sodium Succinate/Ferric Citrate
257    IF0a+Sodium Succinate/Ferric Citrate
258    IF0a+Sodium Succinate/Ferric Citrate
259    IF0a+Sodium Succinate/Ferric Citrate
Name: Condition (Medium), dtype: object",E. coli,R1,9.25,25.6674,169.5366,116.559,155.4685,130.4156,11.5518,11.0,193.6841,217.257,216.0151,230.9459,46.1204,147.2179,113.8543,188.4763,151.0978,122.0696,160.0412,131.4742,188.582,236.6471,212.1917,208.3667,26.8333,184.5916,125.7603,232.0983,218.6679,13.2375,238.7104,125.8049,232.921,19.7021,218.8857,215.7036,37.2041,228.38,191.8215,109.7716,127.9073,136.9848,114.5192,138.1633,158.9217,218.7077,213.7359,194.9378,31.179,167.7501,129.0538,117.9254,117.4194,117.7106,18.6574,88.7071,32.9618,163.5576,190.5715,108.5583,31.9094,94.8605,123.9102,107.227,128.0257,123.6877,120.8736,111.5752,116.1582,115.7945,94.3384,97.1288,187.8536,90.7155,101.9055,114.911,125.9985,145.292,77.1679,122.7216,113.7309,122.2165,115.8405,123.1505,45.1648,174.1714,137.9714,126.2486,109.9127,138.6179,148.231,142.3409,96.4255,155.7727,175.8755,137.684,91.2379
F:\projects\DP_Clinical_strains\DP Clinical Isolates results-20220505T053100Z-001\ DP Clinical Isolates results\ELI 271 R1_E. coli_E.coli_IF 0a - Na-Succinate-Fe Citrate_4_37_SBR_709_4#12#2022_A_ 1A_0.OKA,4/12/2022 1:53:05 PM, 1-A,PM04A,ELI 271,"256    IF0a+Sodium Succinate/Ferric Citrate
257    IF0a+Sodium Succinate/Ferric Citrate
258    IF0a+Sodium Succinate/Ferric Citrate
259    IF0a+Sodium Succinate/Ferric Citrate
Name: Condition (Medium), dtype: object",E. coli,R1,9.5,19.4689,175.2972,121.2525,158.1811,138.9322,15.4757,11.0,202.7365,216.7329,214.5375,232.0038,52.2666,149.3611,114.3792,188.2087,153.6725,129.6461,163.8677,135.7549,194.2534,240.4389,212.7758,213.0358,24.5449,189.3923,133.0751,235.4625,218.2649,14.856,241.3872,130.801,233.0655,18.8958,220.9159,217.4034,32.1954,233.3933,193.7866,118.5881,134.6621,141.243,113.8021,143.3559,163.6115,220.3453,216.309,198.7541,32.517,177.5094,131.2203,124.9684,117.8465,117.8749,23.6379,87.0483,32.9998,166.7889,192.7183,109.0448,27.5311,98.2852,127.0672,115.2084,131.4307,131.1349,126.3988,121.567,115.1981,116.521,96.1089,100.9547,193.3479,93.6911,102.0358,126.5479,132.2309,150.7487,81.3612,125.6354,118.8851,121.5996,123.1158,124.2957,42.572,180.2276,140.7238,128.1847,111.8496,140.7879,154.6508,147.4856,96.5475,157.9888,180.4044,140.7403,91.144
F:\projects\DP_Clinical_strains\DP Clinical Isolates results-20220505T053100Z-001\ DP Clinical Isolates results\ELI 271 R1_E. coli_E.coli_IF 0a - Na-Succinate-Fe Citrate_4_37_SBR_709_4#12#2022_A_ 1A_0.OKA,4/12/2022 1:53:05 PM, 1-A,PM04A,ELI 271,"256    IF0a+Sodium Succinate/Ferric Citrate
257    IF0a+Sodium Succinate/Ferric Citrate
258    IF0a+Sodium Succinate/Ferric Citrate
259    IF0a+Sodium Succinate/Ferric Citrate
Name: Condition (Medium), dtype: object",E. coli,R1,9.75,24.8104,177.428,124.0988,162.2177,146.3592,16.844,13.347,206.2265,224.6532,213.9128,234.4634,49.1848,157.1629,118.6667,192.719,158.5035,136.0285,172.4356,143.9149,200.2056,241.9048,217.3812,212.9427,29.5242,194.5896,139.4198,236.4652,225.326,11.0,245.4971,135.5041,238.4452,22.0834,224.9478,220.0794,31.0839,233.2237,196.4486,120.9926,138.129,148.7007,125.6746,149.8639,171.5084,221.9101,221.0785,204.2753,32.6903,182.0124,140.2488,131.7628,124.9374,124.8883,21.3059,95.0796,31.0173,172.2537,198.331,115.3243,32.4047,101.5968,132.9887,121.8778,134.4216,136.4638,129.6438,121.8933,120.4208,118.3772,97.8916,104.0675,198.8206,92.5209,104.6867,125.532,135.9366,156.9602,84.3575,134.3494,116.8042,127.8193,124.1109,130.036,47.9254,187.8005,146.1958,126.964,108.3655,138.5703,157.6447,147.1567,98.0756,163.8973,185.4143,143.2456,95.1349
F:\projects\DP_Clinical_strains\DP Clinical Isolates results-20220505T053100Z-001\ DP Clinical Isolates results\ELI 271 R1_E. coli_E.coli_IF 0a - Na-Succinate-Fe Citrate_4_37_SBR_709_4#12#2022_A_ 1A_0.OKA,4/12/2022 1:53:05 PM, 1-A,PM04A,ELI 271,"256    IF0a+Sodium Succinate/Ferric Citrate
257    IF0a+Sodium Succinate/Ferric Citrate
258    IF0a+Sodium Succinate/Ferric Citrate
259    IF0a+Sodium Succinate/Ferric Citrate
Name: Condition (Medium), dtype: object",E. coli,R1,10.0,19.9368,179.3632,128.8476,165.6838,149.3571,12.72,11.0,209.6897,222.2014,213.9822,234.9299,47.7054,159.8227,118.8125,192.6137,162.074,136.92,177.6629,143.6085,201.0086,241.9581,218.3818,216.0896,24.0535,194.9986,139.6694,237.2701,225.3214,11.0,241.4609,137.7697,237.796,19.6185,225.8588,219.382,32.5462,236.3716,197.3549,119.9466,143.1097,153.7454,126.5407,149.5765,172.5063,224.2432,225.9988,206.3798,28.5942,191.0538,135.5961,133.8882,122.8387,127.9842,17.0311,93.975,32.9619,177.5262,198.0765,111.486,28.5771,99.7414,130.7038,120.7993,136.9561,136.7494,133.3534,121.0012,125.6363,122.4639,102.9858,104.3902,202.4353,90.9638,105.95,128.6731,129.837,157.1553,85.8973,133.8127,121.1912,126.6674,124.7559,128.4932,48.749,191.2543,146.871,124.1947,111.4983,139.6648,161.341,154.2872,98.9479,169.4535,186.6464,149.1044,95.7992
F:\projects\DP_Clinical_strains\DP Clinical Isolates results-20220505T053100Z-001\ DP Clinical Isolates results\ELI 271 R1_E. coli_E.coli_IF 0a - Na-Succinate-Fe Citrate_4_37_SBR_709_4#12#2022_A_ 1A_0.OKA,4/12/2022 1:53:05 PM, 1-A,PM04A,ELI 271,"256    IF0a+Sodium Succinate/Ferric Citrate
257    IF0a+Sodium Succinate/Ferric Citrate
258    IF0a+Sodium Succinate/Ferric Citrate
259    IF0a+Sodium Succinate/Ferric Citrate
Name: Condition (Medium), dtype: object",E. coli,R1,10.25,22.5947,184.1458,130.0821,166.3106,155.5706,11.0,11.0,214.664,223.1372,218.8474,238.2079,56.4762,163.7363,124.6247,203.047,163.8135,140.9847,177.3739,151.196,203.9585,244.7578,221.2056,213.9148,26.6356,201.5323,138.2872,238.0793,230.9657,11.0,247.91,142.3849,241.4378,18.7824,229.7565,220.2567,32.3571,233.6989,200.3371,126.3074,148.3345,156.5379,124.7284,152.4553,174.8629,222.2948,226.7056,207.4209,30.9543,193.6585,145.4069,137.4284,129.3528,134.8338,20.0212,100.9453,30.0064,180.2691,202.5788,115.8701,28.3419,97.2794,133.0772,121.7416,139.7733,139.521,132.209,125.9873,128.0614,126.3781,107.1573,105.6702,209.4492,92.1198,106.3671,136.8158,134.3446,157.0456,84.1864,139.2953,128.0681,131.5077,125.2228,133.3214,51.9882,198.2608,143.6684,126.7036,115.4776,133.9544,162.8642,153.7669,96.6524,171.2601,193.434,154.3646,102.1171
F:\projects\DP_Clinical_strains\DP Clinical Isolates results-20220505T053100Z-001\ DP Clinical Isolates results\ELI 271 R1_E. coli_E.coli_IF 0a - Na-Succinate-Fe Citrate_4_37_SBR_709_4#12#2022_A_ 1A_0.OKA,4/12/2022 1:53:05 PM, 1-A,PM04A,ELI 271,"256    IF0a+Sodium Succinate/Ferric Citrate
257    IF0a+Sodium Succinate/Ferric Citrate
258    IF0a+Sodium Succinate/Ferric Citrate
259    IF0a+Sodium Succinate/Ferric Citrate
Name: Condition (Medium), dtype: object",E. coli,R1,10.5,22.5851,195.2547,134.4609,171.575,157.4574,12.8824,11.1577,220.0867,228.2132,215.1866,238.6553,53.5092,170.6654,125.3652,199.7391,169.1525,142.9769,184.9346,155.2207,207.0534,247.839,227.8877,216.0725,25.5742,204.1563,144.5434,242.2682,229.8709,11.5764,248.2217,147.4641,239.7596,22.4856,227.5659,218.3224,35.7139,236.7224,199.8004,130.3212,151.575,160.1267,130.5819,157.0928,176.1185,227.0192,225.876,208.1065,27.7311,202.1122,149.5209,137.3892,138.1306,132.604,21.1332,100.1318,30.2627,184.331,206.4206,120.0452,32.2857,98.4004,137.2764,130.0423,142.9308,145.9039,139.398,130.8001,132.0558,124.1925,107.415,110.5067,211.7067,96.4388,105.9721,131.5736,137.5498,161.8458,80.4243,143.7925,127.6754,135.2064,127.0555,136.2174,59.0028,201.3722,146.7996,130.4147,113.7587,135.7692,171.2798,159.8595,100.8429,169.4141,193.686,158.2555,97.838
F:\projects\DP_Clinical_strains\DP Clinical Isolates results-20220505T053100Z-001\ DP Clinical Isolates results\ELI 271 R1_E. coli_E.coli_IF 0a - Na-Succinate-Fe Citrate_4_37_SBR_709_4#12#2022_A_ 1A_0.OKA,4/12/2022 1:53:05 PM, 1-A,PM04A,ELI 271,"256    IF0a+Sodium Succinate/Ferric Citrate
257    IF0a+Sodium Succinate/Ferric Citrate
258    IF0a+Sodium Succinate/Ferric Citrate
259    IF0a+Sodium Succinate/Ferric Citrate
Name: Condition (Medium), dtype: object",E. coli,R1,10.75,27.4338,194.7046,141.2324,174.3699,164.152,16.0243,11.0,218.5756,227.3379,216.506,245.4571,56.5778,173.5293,133.0118,205.1628,176.6564,148.9333,186.9646,159.1461,208.3894,248.1685,226.5724,219.301,24.1205,209.3063,151.2998,241.4737,237.0652,11.0,253.7402,148.7106,243.6224,22.7675,229.9041,222.8931,30.4551,240.2302,203.3086,134.4011,156.0374,166.4404,140.2015,164.9181,180.5268,229.4585,229.6769,208.7061,28.6152,199.5139,153.9511,142.484,141.6715,140.0285,21.7591,102.2991,31.1754,190.3401,209.3482,118.1217,26.0718,98.5636,143.0394,133.3731,144.8618,148.235,142.7117,135.7476,128.5162,131.4586,107.637,111.0642,215.9708,93.8118,104.8729,138.6419,142.7233,164.1273,82.9246,141.3046,127.8526,137.8411,128.2547,139.8363,55.8197,202.1773,152.0394,129.2095,119.6248,139.1761,171.0469,165.6979,100.0553,180.215,199.936,157.4199,98.5827
F:\projects\DP_Clinical_strains\DP Clinical Isolates results-20220505T053100Z-001\ DP Clinical Isolates results\ELI 271 R1_E. coli_E.coli_IF 0a - Na-Succinate-Fe Citrate_4_37_SBR_709_4#12#2022_A_ 1A_0.OKA,4/12/2022 1:53:05 PM, 1-A,PM04A,ELI 271,"256    IF0a+Sodium Succinate/Ferric Citrate
257    IF0a+Sodium Succinate/Ferric Citrate
258    IF0a+Sodium Succinate/Ferric Citrate
259    IF0a+Sodium Succinate/Ferric Citrate
Name: Condition (Medium), dtype: object",E. coli,R1,11.0,22.5285,198.4231,149.224,183.029,172.1905,14.1224,11.2855,219.884,227.3475,220.0664,246.9938,48.803,180.236,139.5213,206.2461,179.3682,153.3987,190.6685,164.3763,212.829,248.1888,233.3314,220.9721,24.9429,214.3503,154.0706,245.1951,240.3027,11.0,254.7916,149.1194,244.5356,18.667,232.7598,224.4215,35.2735,241.5964,205.5571,132.4909,162.4098,163.611,141.1993,169.3676,186.5816,230.1997,229.2398,207.942,31.3474,202.3985,158.2819,144.8038,141.1358,142.0848,21.0169,104.8699,31.632,194.9543,211.9929,122.8537,27.4026,103.4087,148.5065,135.5143,152.3565,149.8036,146.3609,137.841,135.9926,138.4624,112.3971,107.6649,218.4363,95.9498,112.493,139.8974,143.4586,169.8181,88.1853,145.3536,129.4463,137.6372,133.2829,136.7042,56.5081,204.1761,153.6254,132.8344,113.2972,143.0733,172.336,167.5484,98.823,181.9796,200.2512,159.4307,98.5583
F:\projects\DP_Clinical_strains\DP Clinical Isolates results-20220505T053100Z-001\ DP Clinical Isolates results\ELI 271 R1_E. coli_E.coli_IF 0a - Na-Succinate-Fe Citrate_4_37_SBR_709_4#12#2022_A_ 1A_0.OKA,4/12/2022 1:53:05 PM, 1-A,PM04A,ELI 271,"256    IF0a+Sodium Succinate/Ferric Citrate
257    IF0a+Sodium Succinate/Ferric Citrate
258    IF0a+Sodium Succinate/Ferric Citrate
259    IF0a+Sodium Succinate/Ferric Citrate
Name: Condition (Medium), dtype: object",E. coli,R1,11.25,29.4234,205.239,156.2851,190.5562,179.0582,15.9786,13.3699,222.8573,233.1361,223.7068,243.8942,57.2043,185.4317,149.627,213.02,183.7604,158.2393,200.2645,170.3473,217.1841,250.1506,237.9793,227.9086,26.7897,220.7221,158.4386,245.5697,240.2128,14.4563,256.067,162.1986,246.6282,21.6312,234.6543,232.4867,35.3339,242.3851,210.0977,140.6579,167.2635,172.1531,145.6739,173.1206,193.6743,232.2645,233.489,212.3459,34.4298,208.6519,164.114,150.1664,147.9829,150.549,24.5858,111.4091,33.0554,201.1726,215.4766,126.415,29.1817,104.9532,154.8612,145.6393,158.3692,157.8114,151.8857,141.13,141.9895,139.8611,114.2541,114.196,222.6111,97.989,113.0416,148.0821,152.7206,174.5602,83.2561,149.4385,133.4701,147.2041,140.7379,142.9236,59.2335,212.8631,154.5666,134.196,120.9569,146.0403,181.6673,171.3586,103.6522,187.3016,210.5423,167.6097,101.52
F:\projects\DP_Clinical_strains\DP Clinical Isolates results-20220505T053100Z-001\ DP Clinical Isolates results\ELI 271 R1_E. coli_E.coli_IF 0a - Na-Succinate-Fe Citrate_4_37_SBR_709_4#12#2022_A_ 1A_0.OKA,4/12/2022 1:53:05 PM, 1-A,PM04A,ELI 271,"256    IF0a+Sodium Succinate/Ferric Citrate
257    IF0a+Sodium Succinate/Ferric Citrate
258    IF0a+Sodium Succinate/Ferric Citrate
259    IF0a+Sodium Succinate/Ferric Citrate
Name: Condition (Medium), dtype: object",E. coli,R1,11.5,24.3289,209.8313,157.8971,191.2215,183.957,15.9308,12.7678,228.2083,232.8773,224.6562,250.7132,58.2188,191.1566,150.1604,215.0259,191.2077,163.9516,205.0633,175.7451,219.8338,249.8318,239.2009,226.6095,28.3389,224.8319,166.9441,248.0312,243.7531,13.2134,259.0552,166.2526,248.5977,22.676,239.5733,230.9616,33.0767,243.3056,213.3733,142.0887,174.6754,173.1339,154.707,175.5509,193.7525,236.0166,238.8911,215.2645,34.0284,213.4345,165.7522,154.6874,154.3785,153.3998,23.2313,112.6332,31.9993,203.8076,220.2645,124.0427,32.5858,105.76,157.7239,145.9573,162.7493,160.0431,157.2499,148.6562,139.8896,148.3101,123.719,115.4689,224.9366,97.8327,113.97,151.0134,155.1953,176.0839,86.3173,150.6739,137.1484,143.2951,140.1977,144.9914,66.5528,218.2893,160.6975,128.7878,124.1545,141.4496,186.0209,177.5606,103.1959,190.9374,209.3746,168.286,106.0064
F:\projects\DP_Clinical_strains\DP Clinical Isolates results-20220505T053100Z-001\ DP Clinical Isolates results\ELI 271 R1_E. coli_E.coli_IF 0a - Na-Succinate-Fe Citrate_4_37_SBR_709_4#12#2022_A_ 1A_0.OKA,4/12/2022 1:53:05 PM, 1-A,PM04A,ELI 271,"256    IF0a+Sodium Succinate/Ferric Citrate
257    IF0a+Sodium Succinate/Ferric Citrate
258    IF0a+Sodium Succinate/Ferric Citrate
259    IF0a+Sodium Succinate/Ferric Citrate
Name: Condition (Medium), dtype: object",E. coli,R1,11.75,23.8614,213.8937,168.9313,198.4348,186.3101,13.5629,15.6665,230.8537,232.0,223.4043,248.8172,53.8924,194.2546,158.4413,220.9869,190.0978,169.5835,203.8593,182.7733,223.096,251.8125,235.6873,224.3441,24.1894,228.1036,169.3483,249.7707,245.856,13.7326,258.4887,167.9523,249.01,19.6607,239.2,230.7505,38.4154,242.5,213.878,147.0226,173.5588,180.3058,154.994,181.0063,199.2254,234.4488,238.6981,222.6891,31.8048,215.8684,169.756,159.5656,156.6078,154.2045,22.2449,115.775,35.1409,206.7282,219.4177,126.7006,30.898,108.2303,159.0776,148.6017,166.9948,164.4783,158.8065,152.2858,146.4976,143.1036,125.8007,118.0333,225.2538,100.9456,116.4397,150.3034,158.9459,175.8534,90.0013,153.7253,142.7009,148.3648,144.3567,144.7335,63.1565,222.2426,157.8855,138.1874,120.2198,147.9979,187.8421,174.7422,105.9283,193.0738,214.3812,176.5684,107.5371
F:\projects\DP_Clinical_strains\DP Clinical Isolates results-20220505T053100Z-001\ DP Clinical Isolates results\ELI 271 R1_E. coli_E.coli_IF 0a - Na-Succinate-Fe Citrate_4_37_SBR_709_4#12#2022_A_ 1A_0.OKA,4/12/2022 1:53:05 PM, 1-A,PM04A,ELI 271,"256    IF0a+Sodium Succinate/Ferric Citrate
257    IF0a+Sodium Succinate/Ferric Citrate
258    IF0a+Sodium Succinate/Ferric Citrate
259    IF0a+Sodium Succinate/Ferric Citrate
Name: Condition (Medium), dtype: object",E. coli,R1,12.0,23.2211,215.4224,170.6358,204.6226,192.4102,16.9588,13.8553,234.0953,230.3939,224.784,251.651,58.0352,195.9937,166.0515,220.0068,196.0117,175.7077,208.0408,181.2026,225.9659,255.2029,240.3476,230.0021,29.6387,230.7236,172.1169,252.2547,248.1479,14.1764,263.9224,173.9167,248.0748,17.755,242.225,231.2587,34.7266,245.1513,216.2378,150.7965,178.8015,182.3637,158.35,185.5178,202.3512,236.9063,236.3315,213.1808,31.6417,217.5769,171.3307,165.9057,157.862,158.0197,22.2361,117.9966,37.1881,209.8449,220.5632,128.471,28.6822,108.5171,165.6778,158.0218,170.4904,171.5066,165.0189,156.1181,148.4193,150.9783,126.8112,119.0482,229.1511,95.6644,119.1424,154.0591,160.178,180.2934,87.5824,160.4403,139.4876,150.5138,143.3781,149.6611,67.8928,224.0533,162.7997,137.3237,125.249,149.9716,189.3959,181.4669,105.319,199.8031,216.9181,180.9546,99.8726
F:\projects\DP_Clinical_strains\DP Clinical Isolates results-20220505T053100Z-001\ DP Clinical Isolates results\ELI 271 R1_E. coli_E.coli_IF 0a - Na-Succinate-Fe Citrate_4_37_SBR_709_4#12#2022_A_ 1A_0.OKA,4/12/2022 1:53:05 PM, 1-A,PM04A,ELI 271,"256    IF0a+Sodium Succinate/Ferric Citrate
257    IF0a+Sodium Succinate/Ferric Citrate
258    IF0a+Sodium Succinate/Ferric Citrate
259    IF0a+Sodium Succinate/Ferric Citrate
Name: Condition (Medium), dtype: object",E. coli,R1,12.25,21.3199,216.947,172.7547,204.8965,194.7735,11.0,11.1894,231.9724,235.6451,225.0906,254.4351,60.7515,198.7281,169.3493,223.469,197.9193,174.7101,210.9303,185.9833,224.016,253.4685,238.924,231.9149,29.9463,231.231,175.9719,253.6271,249.2404,13.4422,262.5882,175.7538,245.0847,21.9499,240.0932,231.6188,33.7958,245.1551,218.0661,151.797,182.3494,187.3802,160.5139,188.5104,203.9313,238.9103,236.017,215.9022,33.0938,223.063,173.7354,167.5166,163.4622,163.4836,21.4854,119.1604,29.4755,210.4202,220.4184,131.4351,27.5377,106.6258,166.5095,157.2585,172.7141,172.5723,169.5361,159.389,150.5418,151.3136,127.8201,116.233,233.3499,100.1408,119.9418,157.5573,165.2537,185.7413,89.372,158.7603,141.4288,155.6465,149.1935,154.5631,66.2461,226.3481,162.4871,139.1192,125.915,151.5356,194.334,182.8133,102.4068,199.7136,220.2203,177.9283,103.7238
F:\projects\DP_Clinical_strains\DP Clinical Isolates results-20220505T053100Z-001\ DP Clinical Isolates results\ELI 271 R1_E. coli_E.coli_IF 0a - Na-Succinate-Fe Citrate_4_37_SBR_709_4#12#2022_A_ 1A_0.OKA,4/12/2022 1:53:05 PM, 1-A,PM04A,ELI 271,"256    IF0a+Sodium Succinate/Ferric Citrate
257    IF0a+Sodium Succinate/Ferric Citrate
258    IF0a+Sodium Succinate/Ferric Citrate
259    IF0a+Sodium Succinate/Ferric Citrate
Name: Condition (Medium), dtype: object",E. coli,R1,12.5,22.0265,225.7008,182.4771,206.7158,205.6592,15.0219,11.0,237.1252,237.7937,228.2088,253.4994,62.2442,204.5402,170.5718,231.7949,198.7834,178.5899,211.0076,192.9248,229.6447,259.2977,240.3004,233.2029,28.2914,237.126,182.9935,254.8637,251.6772,14.9212,266.6667,182.6352,250.8546,23.6997,242.0717,233.9524,34.7879,245.9292,223.2905,158.837,189.9274,191.6218,163.5431,192.775,206.237,239.8944,241.0027,217.4058,31.5917,226.2764,182.8375,176.7033,170.936,169.2504,21.9497,126.6443,31.2275,214.2799,223.0526,131.1718,28.8074,111.6179,172.7903,169.8589,179.1562,177.3682,169.1909,163.2336,158.2763,156.8022,131.7042,118.1868,235.3064,99.3648,122.3165,161.2502,170.955,187.4091,87.4161,161.5827,148.549,155.4968,150.7437,157.4608,67.0649,229.7448,163.1177,142.4895,126.9667,157.3668,194.1065,188.6931,108.9425,202.2646,225.4427,183.8571,101.9053
F:\projects\DP_Clinical_strains\DP Clinical Isolates results-20220505T053100Z-001\ DP Clinical Isolates results\ELI 271 R1_E. coli_E.coli_IF 0a - Na-Succinate-Fe Citrate_4_37_SBR_709_4#12#2022_A_ 1A_0.OKA,4/12/2022 1:53:05 PM, 1-A,PM04A,ELI 271,"256    IF0a+Sodium Succinate/Ferric Citrate
257    IF0a+Sodium Succinate/Ferric Citrate
258    IF0a+Sodium Succinate/Ferric Citrate
259    IF0a+Sodium Succinate/Ferric Citrate
Name: Condition (Medium), dtype: object",E. coli,R1,12.75,28.1903,224.7986,186.7516,212.6202,210.944,18.7541,13.5077,238.8858,238.7396,227.4189,253.8214,65.2002,210.2168,181.4461,227.6149,203.1156,188.0753,220.6061,195.2949,229.7662,258.5447,243.4037,235.3917,28.1987,241.3433,183.9143,256.8798,257.1139,15.5405,267.8221,186.9344,253.6213,20.3514,244.0849,235.6793,33.8246,246.8772,225.2636,159.1265,191.8497,192.5171,170.8889,199.804,213.0713,238.8467,240.707,222.1321,33.7092,229.4787,183.3961,174.274,169.4767,169.7213,23.0271,128.7477,32.7308,217.3902,226.4241,136.5768,31.4925,112.2803,179.1232,167.2242,187.207,182.7194,176.2033,166.0166,163.3657,156.5018,137.1286,121.3717,240.836,100.9866,119.8016,163.6608,173.9763,192.8833,91.0008,166.8042,146.3903,160.7021,152.1828,157.6519,73.8784,235.4354,172.6445,141.0136,126.3917,157.6389,197.9726,192.3062,111.1343,207.8346,231.6668,187.7659,102.2444
F:\projects\DP_Clinical_strains\DP Clinical Isolates results-20220505T053100Z-001\ DP Clinical Isolates results\ELI 271 R1_E. coli_E.coli_IF 0a - Na-Succinate-Fe Citrate_4_37_SBR_709_4#12#2022_A_ 1A_0.OKA,4/12/2022 1:53:05 PM, 1-A,PM04A,ELI 271,"256    IF0a+Sodium Succinate/Ferric Citrate
257    IF0a+Sodium Succinate/Ferric Citrate
258    IF0a+Sodium Succinate/Ferric Citrate
259    IF0a+Sodium Succinate/Ferric Citrate
Name: Condition (Medium), dtype: object",E. coli,R1,13.0,27.1336,228.3941,189.9934,218.5784,216.0648,12.5112,11.5728,239.1572,236.6752,228.0817,255.3867,63.4265,213.8068,185.1736,232.6315,208.9661,187.2398,221.4192,194.7537,231.4495,260.5188,245.4533,237.4505,25.2274,239.771,192.6107,262.7227,258.3013,14.218,268.0898,185.8502,252.463,24.1287,246.5752,238.4134,33.5257,248.6885,229.2761,167.1148,195.7038,197.7312,173.6791,199.5734,216.4657,241.3435,238.7418,220.926,31.9284,230.5636,185.3402,180.8944,173.0084,176.0067,24.7785,129.5862,32.6589,220.7134,225.3364,135.3172,28.7884,113.379,179.0077,174.2409,185.8147,184.5625,179.9309,171.9177,163.7176,161.4999,139.3728,120.2659,239.9826,106.0019,123.4101,167.0098,174.282,190.6899,90.3308,168.3096,147.7911,157.3549,155.2847,157.2094,71.306,233.5384,171.7816,144.0481,128.7627,159.9548,202.9638,194.7139,109.7462,208.6104,230.7161,185.3807,104.3836
F:\projects\DP_Clinical_strains\DP Clinical Isolates results-20220505T053100Z-001\ DP Clinical Isolates results\ELI 271 R1_E. coli_E.coli_IF 0a - Na-Succinate-Fe Citrate_4_37_SBR_709_4#12#2022_A_ 1A_0.OKA,4/12/2022 1:53:05 PM, 1-A,PM04A,ELI 271,"256    IF0a+Sodium Succinate/Ferric Citrate
257    IF0a+Sodium Succinate/Ferric Citrate
258    IF0a+Sodium Succinate/Ferric Citrate
259    IF0a+Sodium Succinate/Ferric Citrate
Name: Condition (Medium), dtype: object",E. coli,R1,13.25,28.7745,231.462,194.9543,222.058,219.6596,12.2881,13.5683,237.7437,238.2146,230.7836,258.0115,64.8388,215.3569,189.4466,237.2754,211.7837,195.8187,223.3553,202.2437,234.0748,259.0293,245.017,239.2442,25.1667,244.5941,194.3315,257.0493,256.9197,11.8061,269.4519,190.4331,254.5735,21.4244,248.1013,242.764,32.2777,250.6619,231.2726,171.4849,198.7145,203.5536,179.7537,203.0486,215.2028,244.0726,240.383,221.3663,32.3591,233.0592,190.0128,185.6013,172.8362,177.4256,24.7895,135.002,32.7405,223.5626,228.4515,137.2529,31.9904,113.4675,184.448,178.1824,189.7479,189.1202,187.9216,172.0882,165.8316,161.6741,140.761,121.4819,239.6218,104.8641,126.4622,169.11,180.4476,193.0527,92.368,167.193,144.7154,160.9227,156.7484,160.1763,75.546,239.0036,176.0451,148.2904,130.3228,164.6194,208.8733,196.9355,109.9438,212.6532,235.5542,189.8124,109.1065
F:\projects\DP_Clinical_strains\DP Clinical Isolates results-20220505T053100Z-001\ DP Clinical Isolates results\ELI 271 R1_E. coli_E.coli_IF 0a - Na-Succinate-Fe Citrate_4_37_SBR_709_4#12#2022_A_ 1A_0.OKA,4/12/2022 1:53:05 PM, 1-A,PM04A,ELI 271,"256    IF0a+Sodium Succinate/Ferric Citrate
257    IF0a+Sodium Succinate/Ferric Citrate
258    IF0a+Sodium Succinate/Ferric Citrate
259    IF0a+Sodium Succinate/Ferric Citrate
Name: Condition (Medium), dtype: object",E. coli,R1,13.5,27.7137,232.9173,196.7442,223.6416,223.0357,14.3058,14.735,241.7672,237.8325,236.32,255.2619,61.9054,219.0814,197.7687,236.2481,212.0026,196.6898,226.5206,203.5856,234.3753,260.9239,245.9381,239.2233,29.1294,246.6208,196.5999,263.2605,260.1084,11.6135,270.204,193.5935,252.8087,20.6684,246.3695,243.457,35.6555,253.7009,234.7996,171.9345,201.1466,199.7853,180.3023,205.4791,217.8312,241.8097,240.9955,218.6275,29.1231,232.4518,193.494,187.3434,173.9279,182.4069,23.0042,134.4953,38.0483,223.8593,226.1528,133.7827,27.2159,114.774,183.6882,175.6666,193.2209,192.186,188.4287,174.6474,167.838,168.6852,143.4771,119.2526,241.5531,104.0597,125.4155,173.6857,182.8536,198.9324,91.7255,172.1836,147.4482,165.3259,158.3363,157.9115,74.5017,240.4439,174.2978,149.9964,125.9645,169.3741,208.3667,197.7762,108.8476,213.8461,233.9014,195.1158,103.9879
F:\projects\DP_Clinical_strains\DP Clinical Isolates results-20220505T053100Z-001\ DP Clinical Isolates results\ELI 271 R1_E. coli_E.coli_IF 0a - Na-Succinate-Fe Citrate_4_37_SBR_709_4#12#2022_A_ 1A_0.OKA,4/12/2022 1:53:05 PM, 1-A,PM04A,ELI 271,"256    IF0a+Sodium Succinate/Ferric Citrate
257    IF0a+Sodium Succinate/Ferric Citrate
258    IF0a+Sodium Succinate/Ferric Citrate
259    IF0a+Sodium Succinate/Ferric Citrate
Name: Condition (Medium), dtype: object",E. coli,R1,13.75,26.2754,236.9446,199.4346,227.0927,224.5853,13.5777,11.0957,240.9351,238.0643,231.7313,257.8748,69.5262,223.2823,199.9098,241.0991,216.6782,196.5878,229.0538,205.6536,234.3147,262.4,246.1205,240.545,28.6099,248.1837,198.9912,259.8344,264.839,12.6718,271.766,196.8615,253.3084,22.9909,249.8219,242.2592,36.0668,251.428,234.4221,177.7315,204.6387,209.1709,187.0732,206.8305,222.4345,246.7397,240.3975,219.6116,31.317,237.9523,196.5495,191.3096,180.9809,188.4833,25.0631,137.9303,35.4835,226.5621,230.822,136.6815,31.5261,115.5581,184.5065,177.8407,193.983,194.1135,188.5365,180.6623,171.1706,172.9677,148.7864,121.2929,244.0452,107.6899,121.1476,176.8655,187.3381,204.3013,91.4975,175.9273,152.3483,164.0639,160.964,165.0404,74.5261,245.5197,175.8808,150.2048,133.0589,163.581,208.6586,201.0088,110.0184,218.4849,239.2836,194.0249,105.2808
F:\projects\DP_Clinical_strains\DP Clinical Isolates results-20220505T053100Z-001\ DP Clinical Isolates results\ELI 271 R1_E. coli_E.coli_IF 0a - Na-Succinate-Fe Citrate_4_37_SBR_709_4#12#2022_A_ 1A_0.OKA,4/12/2022 1:53:05 PM, 1-A,PM04A,ELI 271,"256    IF0a+Sodium Succinate/Ferric Citrate
257    IF0a+Sodium Succinate/Ferric Citrate
258    IF0a+Sodium Succinate/Ferric Citrate
259    IF0a+Sodium Succinate/Ferric Citrate
Name: Condition (Medium), dtype: object",E. coli,R1,14.0,26.7905,239.1378,205.51,230.7854,230.3651,13.3098,14.0744,241.9518,239.7148,235.9231,259.0552,69.9048,225.2823,203.7073,242.9783,218.2456,200.1669,231.6048,208.5933,238.0173,264.4742,246.8341,241.7499,29.3972,250.3033,202.993,264.5714,266.0503,15.0058,272.9984,199.6123,254.5934,26.7407,252.2863,245.6023,33.565,255.196,237.1548,178.273,203.8873,210.5945,186.7994,214.3398,222.5479,246.5621,242.6138,221.2233,34.8424,242.0928,196.1624,193.9514,185.6453,190.7701,28.2999,142.1143,35.081,228.337,231.7572,138.8806,32.007,114.1939,191.9827,185.7351,197.8426,199.4764,189.6534,180.904,172.172,174.8083,151.1508,123.3725,243.9686,106.6392,130.0248,179.8378,190.6737,202.4593,90.5344,177.0609,156.1899,167.6076,160.341,165.4176,76.2091,244.4345,181.2354,151.5101,128.8617,166.5801,212.4229,203.0173,113.834,224.1807,236.6944,198.3929,107.5169
F:\projects\DP_Clinical_strains\DP Clinical Isolates results-20220505T053100Z-001\ DP Clinical Isolates results\ELI 271 R1_E. coli_E.coli_IF 0a - Na-Succinate-Fe Citrate_4_37_SBR_709_4#12#2022_A_ 1A_0.OKA,4/12/2022 1:53:05 PM, 1-A,PM04A,ELI 271,"256    IF0a+Sodium Succinate/Ferric Citrate
257    IF0a+Sodium Succinate/Ferric Citrate
258    IF0a+Sodium Succinate/Ferric Citrate
259    IF0a+Sodium Succinate/Ferric Citrate
Name: Condition (Medium), dtype: object",E. coli,R1,14.25,28.1759,247.6135,209.2937,231.7971,233.0918,12.8998,12.3641,245.2539,240.3353,234.9168,258.3109,70.9671,228.2679,208.8318,240.9717,219.3829,206.9295,230.6917,213.057,238.367,264.7824,246.9642,241.0269,26.8406,254.2007,205.2757,266.7678,265.9811,13.4625,276.0728,201.9911,257.2505,23.6012,252.8207,244.5518,36.4281,252.9864,236.3172,182.3518,208.4773,214.1481,187.3813,211.9535,224.0813,247.028,243.6823,219.4845,31.2718,240.8508,203.1289,195.3684,186.9238,195.4363,25.8814,145.6141,38.1899,228.6653,230.5073,139.64,29.4673,116.5661,196.8878,191.1043,203.9173,201.9279,193.3632,190.1317,178.4338,179.0853,152.7937,121.3683,246.2922,108.0445,132.2891,180.8574,193.1753,202.013,92.3727,179.3429,149.9503,170.8089,166.2934,166.7204,80.7053,246.914,177.8368,154.0759,129.527,173.0291,214.3544,207.9749,112.1688,224.5564,240.3791,200.386,107.6841
F:\projects\DP_Clinical_strains\DP Clinical Isolates results-20220505T053100Z-001\ DP Clinical Isolates results\ELI 271 R1_E. coli_E.coli_IF 0a - Na-Succinate-Fe Citrate_4_37_SBR_709_4#12#2022_A_ 1A_0.OKA,4/12/2022 1:53:05 PM, 1-A,PM04A,ELI 271,"256    IF0a+Sodium Succinate/Ferric Citrate
257    IF0a+Sodium Succinate/Ferric Citrate
258    IF0a+Sodium Succinate/Ferric Citrate
259    IF0a+Sodium Succinate/Ferric Citrate
Name: Condition (Medium), dtype: object",E. coli,R1,14.5,27.3179,246.6539,216.1767,237.556,238.2341,12.6558,14.9032,244.9279,244.6141,234.6136,257.5494,73.8693,231.7061,214.8383,248.0246,225.4784,209.7908,233.3067,217.8474,241.535,266.4988,251.871,242.7043,28.1487,251.9226,210.5345,266.7201,265.0737,12.3296,275.3982,209.1806,257.3896,30.3381,253.062,244.302,33.7342,254.2638,242.5318,187.9295,215.4859,215.2404,193.7374,219.4478,230.5031,247.2957,244.7839,223.166,30.852,242.7784,204.3234,203.0059,190.0484,197.4873,26.4093,154.8168,39.2304,233.1229,232.7948,145.4087,28.6505,118.0656,196.4123,194.0267,203.8047,205.7341,196.2925,189.5594,181.2028,183.4241,157.544,123.6662,246.4257,113.2791,129.1302,182.5838,196.2896,210.9057,91.672,184.8022,157.1297,174.5522,164.6819,173.6693,81.6138,249.3356,180.8287,153.8569,134.8911,174.3478,219.5582,209.0952,116.7317,227.0857,243.8466,202.3034,107.7774
F:\projects\DP_Clinical_strains\DP Clinical Isolates results-20220505T053100Z-001\ DP Clinical Isolates results\ELI 271 R1_E. coli_E.coli_IF 0a - Na-Succinate-Fe Citrate_4_37_SBR_709_4#12#2022_A_ 1A_0.OKA,4/12/2022 1:53:05 PM, 1-A,PM04A,ELI 271,"256    IF0a+Sodium Succinate/Ferric Citrate
257    IF0a+Sodium Succinate/Ferric Citrate
258    IF0a+Sodium Succinate/Ferric Citrate
259    IF0a+Sodium Succinate/Ferric Citrate
Name: Condition (Medium), dtype: object",E. coli,R1,14.75,27.606,249.357,215.504,237.943,240.7029,12.777,18.5043,245.6724,242.08,235.9906,259.3248,70.5604,234.2222,215.0213,246.9493,223.4373,210.1373,236.52,220.2784,241.6725,264.5849,249.249,240.5106,27.6618,256.8379,210.2368,265.813,266.7715,12.7773,277.441,210.3752,258.012,26.5181,252.8841,242.841,34.57,256.0721,240.5251,188.8418,216.0657,218.4336,196.7994,220.7526,231.6701,246.1317,243.0417,221.7535,34.7591,240.259,204.2952,200.6053,189.1805,199.2296,27.3207,150.3276,36.3572,236.3174,234.3791,140.8567,31.2651,115.9256,197.2996,195.1834,208.0114,205.1192,202.8964,196.5459,184.2235,187.1142,158.5151,122.3305,248.2619,109.2532,128.5957,180.7048,196.7326,212.5314,91.8049,181.3251,156.4946,173.6318,167.298,168.0865,81.6887,254.813,186.7992,154.3612,133.0316,172.837,217.5635,213.3625,117.2742,229.2065,245.7962,206.5123,108.013
F:\projects\DP_Clinical_strains\DP Clinical Isolates results-20220505T053100Z-001\ DP Clinical Isolates results\ELI 271 R1_E. coli_E.coli_IF 0a - Na-Succinate-Fe Citrate_4_37_SBR_709_4#12#2022_A_ 1A_0.OKA,4/12/2022 1:53:05 PM, 1-A,PM04A,ELI 271,"256    IF0a+Sodium Succinate/Ferric Citrate
257    IF0a+Sodium Succinate/Ferric Citrate
258    IF0a+Sodium Succinate/Ferric Citrate
259    IF0a+Sodium Succinate/Ferric Citrate
Name: Condition (Medium), dtype: object",E. coli,R1,15.0,29.857,250.1828,224.5581,242.4502,246.4756,17.3189,14.1243,248.1375,241.7043,237.7391,259.2007,75.7151,239.4849,220.9852,247.2488,228.059,212.8686,239.8462,225.4425,241.6757,266.2022,251.871,243.6572,27.9939,257.9743,215.7018,267.1073,268.9167,17.5082,278.978,213.3006,257.0807,26.4568,255.2079,244.6637,32.6065,257.7171,243.5623,191.9797,219.9668,219.5173,202.7942,223.0078,230.6591,249.0825,245.444,223.8016,37.1487,245.7506,211.6193,205.367,194.1105,203.1198,28.2128,156.5192,37.2639,233.6816,235.3872,145.6619,31.625,119.3498,202.9211,196.5292,209.7047,212.2384,208.8608,197.7634,186.0801,187.755,164.4137,123.5046,251.8944,109.0647,129.2492,187.7542,202.2728,210.2355,91.331,184.195,160.2941,176.2243,168.632,175.5309,80.6218,256.9722,187.0355,153.7169,138.0367,172.392,222.4061,216.4377,117.792,228.3321,245.827,209.4737,108.6399
F:\projects\DP_Clinical_strains\DP Clinical Isolates results-20220505T053100Z-001\ DP Clinical Isolates results\ELI 271 R1_E. coli_E.coli_IF 0a - Na-Succinate-Fe Citrate_4_37_SBR_709_4#12#2022_A_ 1A_0.OKA,4/12/2022 1:53:05 PM, 1-A,PM04A,ELI 271,"256    IF0a+Sodium Succinate/Ferric Citrate
257    IF0a+Sodium Succinate/Ferric Citrate
258    IF0a+Sodium Succinate/Ferric Citrate
259    IF0a+Sodium Succinate/Ferric Citrate
Name: Condition (Medium), dtype: object",E. coli,R1,15.25,30.6208,250.5884,230.5528,239.3984,246.8013,13.3242,15.4654,244.6279,242.3283,238.9152,260.06,78.1439,240.1842,226.8715,249.4509,229.9564,217.4368,241.3143,228.0476,241.292,267.0675,249.9498,244.0129,30.1422,258.663,218.9026,267.1456,270.9371,17.1146,280.2717,214.3026,261.8141,24.905,256.3425,246.8733,32.7214,259.9344,242.525,193.201,220.8694,222.1481,204.7058,224.8213,234.1203,249.4717,245.6741,225.1803,35.0757,245.6302,209.6378,209.4584,198.2184,205.9708,27.6801,160.2082,35.7819,234.4059,236.8161,145.4873,29.2965,121.524,206.2353,201.8731,210.1443,212.7193,207.8099,199.506,189.297,189.8943,169.0479,125.2062,252.2912,111.3245,134.9173,190.1871,202.7437,211.939,96.6857,186.54,164.1776,178.124,173.1651,172.2626,83.5594,256.1862,186.9216,158.6042,135.6675,173.7894,227.6743,212.7621,117.8156,232.5939,252.7407,210.635,112.1506
F:\projects\DP_Clinical_strains\DP Clinical Isolates results-20220505T053100Z-001\ DP Clinical Isolates results\ELI 271 R1_E. coli_E.coli_IF 0a - Na-Succinate-Fe Citrate_4_37_SBR_709_4#12#2022_A_ 1A_0.OKA,4/12/2022 1:53:05 PM, 1-A,PM04A,ELI 271,"256    IF0a+Sodium Succinate/Ferric Citrate
257    IF0a+Sodium Succinate/Ferric Citrate
258    IF0a+Sodium Succinate/Ferric Citrate
259    IF0a+Sodium Succinate/Ferric Citrate
Name: Condition (Medium), dtype: object",E. coli,R1,15.5,25.5097,250.7971,232.4105,243.5341,247.3142,14.8639,13.3948,246.8442,243.5693,237.2758,260.4217,78.6847,240.9739,225.3569,249.9772,236.4262,221.7549,240.7497,228.6666,244.0848,268.8637,248.5046,244.1283,27.352,259.2284,221.6329,266.845,269.6366,12.0683,280.5137,217.2999,258.6368,30.5575,254.7542,245.0114,34.7963,257.0131,243.1726,198.8484,221.8169,223.4678,203.8431,230.7307,237.0378,248.1976,245.4439,224.266,35.0467,248.1599,212.6841,209.5786,200.6458,207.8657,26.7407,160.3899,37.0643,236.2437,237.0625,143.5481,32.5921,119.9096,206.7015,199.9342,209.9184,212.0394,208.508,201.9806,193.0479,196.166,169.4111,123.0429,250.9636,106.8157,134.2379,188.1863,205.7903,214.8268,94.5827,194.2973,163.9372,180.3549,173.4247,178.6965,82.3379,260.3342,183.565,155.4146,136.666,174.7965,229.8474,216.0836,120.9446,234.0672,251.6701,213.2941,110.7219
F:\projects\DP_Clinical_strains\DP Clinical Isolates results-20220505T053100Z-001\ DP Clinical Isolates results\ELI 271 R1_E. coli_E.coli_IF 0a - Na-Succinate-Fe Citrate_4_37_SBR_709_4#12#2022_A_ 1A_0.OKA,4/12/2022 1:53:05 PM, 1-A,PM04A,ELI 271,"256    IF0a+Sodium Succinate/Ferric Citrate
257    IF0a+Sodium Succinate/Ferric Citrate
258    IF0a+Sodium Succinate/Ferric Citrate
259    IF0a+Sodium Succinate/Ferric Citrate
Name: Condition (Medium), dtype: object",E. coli,R1,15.75,22.1648,251.1391,231.493,246.2695,248.7678,18.7807,15.9445,249.0326,243.2782,237.0306,262.4711,77.5467,241.8057,227.9428,249.1428,233.6205,223.4358,243.1851,229.6946,246.1217,270.2192,250.3965,243.1478,28.0673,259.021,222.2956,269.1178,269.4648,17.0521,277.8854,219.0246,258.8854,28.7515,253.9518,246.9659,37.2357,259.9507,243.5703,201.7468,222.1467,225.8373,208.8519,231.5459,236.3627,250.2997,245.1121,228.257,35.7471,249.7324,219.1939,214.6329,201.4831,203.0802,24.9215,165.074,35.8571,236.7783,238.9479,143.1627,30.2968,118.0751,208.656,207.06,215.4787,214.4558,208.446,205.4367,193.5516,193.8103,170.5029,127.9352,253.6617,110.3482,130.4166,194.0704,206.0511,215.8683,96.0321,190.1742,163.9168,181.8177,173.4239,178.5004,81.3177,264.1206,184.0911,153.0976,136.5588,178.0395,225.9954,222.208,122.1245,237.1388,249.6376,213.6501,111.7513
F:\projects\DP_Clinical_strains\DP Clinical Isolates results-20220505T053100Z-001\ DP Clinical Isolates results\ELI 271 R1_E. coli_E.coli_IF 0a - Na-Succinate-Fe Citrate_4_37_SBR_709_4#12#2022_A_ 1A_0.OKA,4/12/2022 1:53:05 PM, 1-A,PM04A,ELI 271,"256    IF0a+Sodium Succinate/Ferric Citrate
257    IF0a+Sodium Succinate/Ferric Citrate
258    IF0a+Sodium Succinate/Ferric Citrate
259    IF0a+Sodium Succinate/Ferric Citrate
Name: Condition (Medium), dtype: object",E. coli,R1,16.0,24.3243,250.2769,236.2584,246.3537,250.0806,15.3586,11.0955,250.4864,242.0876,235.7068,260.381,81.129,244.3857,233.2486,248.7129,233.42,222.1426,241.0228,227.5076,242.8552,267.8111,252.6777,245.2397,26.2665,259.8301,222.6317,268.6438,269.0346,15.7641,279.3379,223.3722,262.9438,25.6574,252.7346,246.3754,34.2149,258.0408,242.8825,201.3289,224.6025,224.5155,208.2468,229.3983,234.4968,250.4745,243.8359,228.6643,32.1608,251.291,217.7422,214.1415,204.4754,211.8534,24.601,167.3628,35.3671,237.675,239.7945,147.446,33.6763,117.7706,211.3617,209.5511,216.1259,218.3263,211.7534,203.3116,198.8981,199.0081,173.8335,124.2893,255.8652,111.5973,131.9416,194.4999,210.3683,218.3509,94.1846,192.8653,167.5336,180.2707,177.7542,178.4442,81.1799,262.5144,187.1306,159.1817,137.2783,176.8421,227.6167,221.9368,117.3721,240.2367,256.2679,212.4723,109.3922
F:\projects\DP_Clinical_strains\DP Clinical Isolates results-20220505T053100Z-001\ DP Clinical Isolates results\ELI 271 R1_E. coli_E.coli_IF 0a - Na-Succinate-Fe Citrate_4_37_SBR_709_4#12#2022_A_ 1A_0.OKA,4/12/2022 1:53:05 PM, 1-A,PM04A,ELI 271,"256    IF0a+Sodium Succinate/Ferric Citrate
257    IF0a+Sodium Succinate/Ferric Citrate
258    IF0a+Sodium Succinate/Ferric Citrate
259    IF0a+Sodium Succinate/Ferric Citrate
Name: Condition (Medium), dtype: object",E. coli,R1,16.25,28.61,256.0015,240.1413,246.8654,253.9762,13.2594,14.7233,247.8414,242.199,235.4187,263.4678,83.4915,244.5653,235.4038,253.4557,233.9144,225.9037,243.549,232.8139,242.4597,269.1066,251.3183,243.4601,24.3265,259.8727,228.0605,269.5828,274.9513,14.0346,277.5837,223.0685,262.0694,24.2398,255.316,248.1561,30.6872,259.0601,245.805,210.1107,228.0992,228.9685,215.1388,231.9796,243.2214,250.0507,244.4648,226.4275,31.9896,249.1403,216.6824,216.2272,202.3655,215.1309,26.5611,168.0299,35.9106,235.9316,239.5529,148.1773,32.4745,121.8965,212.7747,210.5227,218.9994,221.0909,214.1627,208.242,200.0934,200.8107,175.2669,125.5138,254.6845,108.568,135.8597,192.8397,212.6367,220.8065,96.0452,191.8744,163.5008,186.6381,175.2781,178.064,84.2792,264.3942,186.002,159.6688,140.56,178.1238,232.6057,223.9857,122.342,237.5516,256.4207,216.8798,109.7358
F:\projects\DP_Clinical_strains\DP Clinical Isolates results-20220505T053100Z-001\ DP Clinical Isolates results\ELI 271 R1_E. coli_E.coli_IF 0a - Na-Succinate-Fe Citrate_4_37_SBR_709_4#12#2022_A_ 1A_0.OKA,4/12/2022 1:53:05 PM, 1-A,PM04A,ELI 271,"256    IF0a+Sodium Succinate/Ferric Citrate
257    IF0a+Sodium Succinate/Ferric Citrate
258    IF0a+Sodium Succinate/Ferric Citrate
259    IF0a+Sodium Succinate/Ferric Citrate
Name: Condition (Medium), dtype: object",E. coli,R1,16.5,29.8392,256.7877,242.6797,248.0108,255.9704,14.4812,13.6002,249.8295,240.2575,232.937,260.4076,85.7518,246.3093,239.232,252.4478,234.0288,229.555,245.7341,233.6871,243.2481,271.7235,250.8122,246.0762,28.7096,262.0949,229.1776,270.2553,270.9866,12.3257,281.6734,226.9925,262.853,23.1718,253.9251,246.2374,37.3563,256.9553,245.5304,206.5891,232.0152,231.6013,212.8481,233.2924,237.7171,252.5829,243.7782,227.7449,35.4415,253.3525,221.8498,222.0836,204.6175,213.8495,27.4792,168.5692,35.3128,243.2635,239.2769,151.4419,28.5444,120.8322,213.3399,213.6721,222.7746,222.7655,216.6275,213.7341,203.1571,203.3335,177.3974,129.4098,251.4484,110.5552,134.0495,196.735,213.1068,222.9653,95.0308,197.2157,165.7911,184.5409,176.6131,180.192,84.1531,264.8393,187.2299,155.8773,139.4337,180.4948,236.4777,223.1385,120.2551,237.8692,255.3232,218.4652,110.2141
F:\projects\DP_Clinical_strains\DP Clinical Isolates results-20220505T053100Z-001\ DP Clinical Isolates results\ELI 271 R1_E. coli_E.coli_IF 0a - Na-Succinate-Fe Citrate_4_37_SBR_709_4#12#2022_A_ 1A_0.OKA,4/12/2022 1:53:05 PM, 1-A,PM04A,ELI 271,"256    IF0a+Sodium Succinate/Ferric Citrate
257    IF0a+Sodium Succinate/Ferric Citrate
258    IF0a+Sodium Succinate/Ferric Citrate
259    IF0a+Sodium Succinate/Ferric Citrate
Name: Condition (Medium), dtype: object",E. coli,R1,16.75,28.5383,257.643,244.9461,253.0937,256.4279,15.3141,17.1742,248.9522,247.1536,240.2603,265.3898,83.4266,250.7388,244.9637,253.3392,239.1825,230.1947,244.1207,236.4752,246.0258,269.5087,250.7136,246.0531,32.2118,265.023,235.0384,272.4355,274.0786,16.1601,280.572,230.1982,261.7201,30.1263,257.858,250.6536,39.2599,257.4417,252.004,218.0985,230.7303,234.8985,218.1984,234.6117,241.8445,253.4785,244.2753,229.6659,34.7266,250.3846,223.4365,222.1409,204.8382,220.9922,32.4398,172.5389,37.3948,237.8628,241.0356,153.8648,31.3806,122.0124,219.7304,214.8508,225.1123,225.7648,218.1482,215.0499,204.3866,205.5685,179.8964,128.6783,254.1291,112.867,140.5232,199.3831,216.3294,225.7745,98.8479,195.1688,167.6832,186.9556,185.2188,180.1055,84.4643,265.4718,194.2235,162.6816,136.9448,184.7086,239.0172,225.9373,124.5395,244.0749,257.7657,225.513,110.738
F:\projects\DP_Clinical_strains\DP Clinical Isolates results-20220505T053100Z-001\ DP Clinical Isolates results\ELI 271 R1_E. coli_E.coli_IF 0a - Na-Succinate-Fe Citrate_4_37_SBR_709_4#12#2022_A_ 1A_0.OKA,4/12/2022 1:53:05 PM, 1-A,PM04A,ELI 271,"256    IF0a+Sodium Succinate/Ferric Citrate
257    IF0a+Sodium Succinate/Ferric Citrate
258    IF0a+Sodium Succinate/Ferric Citrate
259    IF0a+Sodium Succinate/Ferric Citrate
Name: Condition (Medium), dtype: object",E. coli,R1,17.0,29.3327,255.1469,250.0722,251.8553,257.218,11.3548,14.4205,248.9887,243.5652,235.5325,261.7387,87.0051,246.2824,244.3167,253.9014,238.6997,234.1338,247.7619,237.9665,247.3262,269.3531,253.0419,247.1458,29.9833,264.3925,232.9171,269.7321,274.4451,13.9603,284.9464,230.5547,260.1379,26.9611,257.7384,249.5287,34.3336,259.0941,250.349,220.3204,232.7894,234.59,217.5977,238.6718,239.1867,249.5012,247.4992,226.6636,35.5405,252.4382,224.4091,225.1973,211.3517,217.7115,28.3131,178.5368,34.9374,241.1033,238.8013,149.9144,29.1278,121.0744,216.8574,216.4914,222.0045,227.0471,220.2064,216.1127,201.325,208.7119,184.8492,126.7075,252.3533,109.948,132.0165,198.1131,218.5989,226.6289,90.8255,197.1132,167.9449,189.4879,177.5554,183.0316,84.5175,266.5443,194.3768,159.8356,140.1741,183.4843,237.8592,227.1418,125.2654,241.3963,255.9598,220.1942,107.3226
F:\projects\DP_Clinical_strains\DP Clinical Isolates results-20220505T053100Z-001\ DP Clinical Isolates results\ELI 271 R1_E. coli_E.coli_IF 0a - Na-Succinate-Fe Citrate_4_37_SBR_709_4#12#2022_A_ 1A_0.OKA,4/12/2022 1:53:05 PM, 1-A,PM04A,ELI 271,"256    IF0a+Sodium Succinate/Ferric Citrate
257    IF0a+Sodium Succinate/Ferric Citrate
258    IF0a+Sodium Succinate/Ferric Citrate
259    IF0a+Sodium Succinate/Ferric Citrate
Name: Condition (Medium), dtype: object",E. coli,R1,17.25,31.4666,259.9785,251.2255,254.25,264.3672,12.5792,15.4125,250.0489,241.7387,241.1844,265.5187,93.9172,248.6538,249.8308,255.3988,240.096,233.0211,249.203,239.7555,248.377,272.6924,254.0012,246.8965,28.5201,264.1071,236.1609,271.6229,276.9478,14.7114,283.5519,233.9664,263.7868,28.2531,255.9479,249.7413,32.7696,258.8382,249.7092,216.8852,234.3958,239.2656,222.0429,241.2651,240.6417,251.4942,248.9743,228.6521,32.7028,256.1111,225.4101,225.6092,214.4826,223.8942,28.7475,175.1102,36.7709,239.361,238.3137,151.8351,32.5419,124.5022,221.2894,219.0547,228.0329,227.3116,221.3069,220.4341,207.4686,207.6347,183.439,124.9547,255.1442,111.5648,137.8735,197.6228,221.2144,228.9366,97.4136,201.7967,169.9734,189.4737,181.2267,181.157,84.5881,264.7318,195.0112,162.378,140.2172,183.2148,237.9802,227.6945,126.7977,244.7988,262.2488,222.5959,115.5587
F:\projects\DP_Clinical_strains\DP Clinical Isolates results-20220505T053100Z-001\ DP Clinical Isolates results\ELI 271 R1_E. coli_E.coli_IF 0a - Na-Succinate-Fe Citrate_4_37_SBR_709_4#12#2022_A_ 1A_0.OKA,4/12/2022 1:53:05 PM, 1-A,PM04A,ELI 271,"256    IF0a+Sodium Succinate/Ferric Citrate
257    IF0a+Sodium Succinate/Ferric Citrate
258    IF0a+Sodium Succinate/Ferric Citrate
259    IF0a+Sodium Succinate/Ferric Citrate
Name: Condition (Medium), dtype: object",E. coli,R1,17.5,28.3939,259.6497,251.734,254.5685,264.4713,17.1385,16.1949,252.7428,245.8918,237.4865,265.3427,89.2265,251.6563,251.5287,256.5755,242.4103,238.9359,248.881,241.6281,247.6876,272.7585,252.3924,250.2015,29.2448,264.7635,238.0995,272.0674,272.9429,19.3144,285.7864,235.5235,264.0631,29.6251,258.3632,250.4238,35.5375,260.2535,250.3353,224.7216,239.5626,238.9519,226.763,240.016,243.2266,251.5925,247.8503,230.9959,33.4816,255.594,226.9525,226.7971,210.6416,225.0381,28.1571,182.3333,39.8621,243.5819,240.9175,152.8984,31.0914,123.5227,218.6054,224.8424,228.8826,231.4178,223.4356,221.0335,208.9323,209.8541,188.0833,126.2761,254.4102,112.3423,132.1521,203.9396,219.9279,228.122,97.9318,201.6853,171.9795,192.5747,181.7232,184.2652,83.7972,272.3232,195.8238,163.3672,140.8214,183.1503,240.3723,232.2572,124.7329,245.2535,261.5006,224.4767,109.575
F:\projects\DP_Clinical_strains\DP Clinical Isolates results-20220505T053100Z-001\ DP Clinical Isolates results\ELI 271 R1_E. coli_E.coli_IF 0a - Na-Succinate-Fe Citrate_4_37_SBR_709_4#12#2022_A_ 1A_0.OKA,4/12/2022 1:53:05 PM, 1-A,PM04A,ELI 271,"256    IF0a+Sodium Succinate/Ferric Citrate
257    IF0a+Sodium Succinate/Ferric Citrate
258    IF0a+Sodium Succinate/Ferric Citrate
259    IF0a+Sodium Succinate/Ferric Citrate
Name: Condition (Medium), dtype: object",E. coli,R1,17.75,26.3245,261.1523,255.4538,256.0207,265.8979,18.2028,16.4114,249.5166,245.0081,241.8772,261.3717,89.095,253.6874,255.9285,257.9879,240.6952,237.206,249.8648,241.5936,248.0391,273.1335,253.9287,246.4874,26.7226,264.8378,238.4859,271.104,275.4117,18.7437,286.4525,238.3978,264.7725,26.1403,259.3647,249.2391,31.0665,260.8987,251.0197,220.7793,236.7017,239.6366,221.87,241.1101,245.167,253.1816,245.495,229.6652,31.9983,254.121,228.5909,230.7076,212.7385,226.0807,24.7614,180.0597,34.6462,239.3118,239.6582,153.6919,30.0041,126.281,224.7077,222.4981,230.9008,226.869,224.6868,218.8516,212.161,210.3175,187.5453,122.6264,255.5868,110.297,137.0049,205.7998,223.2236,232.1454,96.1869,200.2461,169.8559,194.4748,184.9681,187.7437,84.6162,272.344,193.5681,162.2162,139.9254,186.261,240.933,231.3595,120.7538,243.7691,262.0753,229.6214,116.4353
F:\projects\DP_Clinical_strains\DP Clinical Isolates results-20220505T053100Z-001\ DP Clinical Isolates results\ELI 271 R1_E. coli_E.coli_IF 0a - Na-Succinate-Fe Citrate_4_37_SBR_709_4#12#2022_A_ 1A_0.OKA,4/12/2022 1:53:05 PM, 1-A,PM04A,ELI 271,"256    IF0a+Sodium Succinate/Ferric Citrate
257    IF0a+Sodium Succinate/Ferric Citrate
258    IF0a+Sodium Succinate/Ferric Citrate
259    IF0a+Sodium Succinate/Ferric Citrate
Name: Condition (Medium), dtype: object",E. coli,R1,18.0,28.4828,259.819,257.3524,254.7863,267.5198,13.5091,11.3831,250.4043,242.6394,240.248,263.0193,94.405,251.7163,258.5081,257.0657,242.5401,239.5483,245.3205,244.0398,245.1753,274.4579,251.0264,248.8269,28.2856,263.5958,240.7469,272.7742,276.5107,13.5552,285.5002,237.6411,263.8445,25.8076,258.0257,247.3062,33.0691,263.7272,249.6677,227.9052,239.7433,240.6283,227.4911,244.0829,242.3812,251.1874,250.5133,229.6105,31.9572,253.4484,225.9722,230.0406,216.463,229.7771,27.6513,185.2666,37.2353,240.4198,241.9055,153.9089,31.607,121.8642,223.675,224.8801,231.9281,230.5625,227.7941,223.5638,209.3397,217.165,189.8621,122.4481,255.8359,111.3643,137.9621,202.792,226.8299,232.5313,98.5979,203.9331,173.019,193.0745,184.1159,185.9632,84.5013,273.0447,190.4816,160.672,141.8303,183.6444,242.6918,233.3547,117.9319,248.5938,260.8538,226.7387,110.848
F:\projects\DP_Clinical_strains\DP Clinical Isolates results-20220505T053100Z-001\ DP Clinical Isolates results\ELI 271 R1_E. coli_E.coli_IF 0a - Na-Succinate-Fe Citrate_4_37_SBR_709_4#12#2022_A_ 1A_0.OKA,4/12/2022 1:53:05 PM, 1-A,PM04A,ELI 271,"256    IF0a+Sodium Succinate/Ferric Citrate
257    IF0a+Sodium Succinate/Ferric Citrate
258    IF0a+Sodium Succinate/Ferric Citrate
259    IF0a+Sodium Succinate/Ferric Citrate
Name: Condition (Medium), dtype: object",E. coli,R1,18.25,24.5489,259.7896,257.4776,255.0708,265.5745,15.054,17.5346,251.5324,250.2436,241.5079,263.1858,95.9878,254.9671,257.5709,255.1222,245.8521,240.8479,251.6273,248.0363,246.3548,273.7364,251.8606,248.4763,31.173,265.9126,242.7952,274.8464,276.9975,17.1034,284.4802,240.5576,265.7333,32.6543,260.1032,248.5496,39.8467,260.2047,250.474,229.1457,242.8584,243.6085,228.0771,245.7924,247.1319,253.3412,249.1007,232.5119,35.9479,255.0196,231.178,231.2793,219.1145,228.0018,26.914,190.0023,36.1686,241.4097,241.1635,153.8408,27.3848,123.2074,227.9143,226.7533,230.6192,234.6236,226.6778,227.6548,214.7229,216.8,195.1235,127.7903,258.1716,110.4748,136.5141,203.5726,224.1803,232.2647,100.6265,203.8259,177.8582,194.2408,189.4852,185.8097,89.1767,273.0575,193.7873,162.734,142.1409,188.3701,243.7589,231.9483,126.376,247.8291,262.6823,232.121,111.1823
F:\projects\DP_Clinical_strains\DP Clinical Isolates results-20220505T053100Z-001\ DP Clinical Isolates results\ELI 271 R1_E. coli_E.coli_IF 0a - Na-Succinate-Fe Citrate_4_37_SBR_709_4#12#2022_A_ 1A_0.OKA,4/12/2022 1:53:05 PM, 1-A,PM04A,ELI 271,"256    IF0a+Sodium Succinate/Ferric Citrate
257    IF0a+Sodium Succinate/Ferric Citrate
258    IF0a+Sodium Succinate/Ferric Citrate
259    IF0a+Sodium Succinate/Ferric Citrate
Name: Condition (Medium), dtype: object",E. coli,R1,18.5,28.8481,261.4155,261.3119,256.9605,268.5777,18.3027,16.3244,250.301,246.4807,238.3271,262.875,95.0116,250.7821,256.6655,256.0935,244.6805,245.3966,253.9666,244.5291,248.3832,274.019,254.9103,246.7717,28.1258,264.489,241.7743,273.6137,276.7191,18.2115,285.404,237.9035,264.0836,28.3929,257.3956,247.0798,35.962,260.6879,248.822,228.7988,241.8044,241.561,229.4228,241.1964,247.7648,255.6084,250.7379,232.985,34.0151,252.7905,233.5812,233.588,219.1769,229.7939,26.7941,191.4174,40.2973,240.4705,242.4968,156.983,30.7544,121.4049,225.9462,227.0508,233.8146,232.5582,226.9279,228.778,215.9645,219.3492,195.3336,126.2606,259.0665,111.2692,141.5182,203.0057,226.6293,233.9534,95.6323,203.6491,175.8473,195.1381,188.6024,188.9643,84.4615,274.9915,195.5937,163.8112,143.1913,185.4632,245.4627,237.3356,122.1429,251.2818,264.8172,228.8426,114.4878
F:\projects\DP_Clinical_strains\DP Clinical Isolates results-20220505T053100Z-001\ DP Clinical Isolates results\ELI 271 R1_E. coli_E.coli_IF 0a - Na-Succinate-Fe Citrate_4_37_SBR_709_4#12#2022_A_ 1A_0.OKA,4/12/2022 1:53:05 PM, 1-A,PM04A,ELI 271,"256    IF0a+Sodium Succinate/Ferric Citrate
257    IF0a+Sodium Succinate/Ferric Citrate
258    IF0a+Sodium Succinate/Ferric Citrate
259    IF0a+Sodium Succinate/Ferric Citrate
Name: Condition (Medium), dtype: object",E. coli,R1,18.75,26.9522,260.6997,265.4197,256.2811,271.3521,19.2434,17.1051,253.9643,244.6411,238.4019,264.6205,96.9564,256.3862,257.0328,254.4902,245.0051,240.259,251.9234,248.2108,246.5995,276.3512,255.3014,252.8242,28.7389,265.1688,243.9789,274.9207,276.235,14.1856,290.1749,242.5786,264.3906,28.562,259.7414,250.0373,39.1536,258.2942,251.5001,233.7391,246.7373,243.1171,231.9052,247.6873,244.8603,256.4983,249.8922,235.5188,35.3631,254.3953,238.9657,234.2034,222.304,234.6067,26.1106,193.4413,40.174,242.1736,242.5539,159.3683,33.4614,126.4932,226.275,231.6868,233.2762,232.8449,232.3808,228.7403,217.5453,217.5494,194.1306,128.7546,258.5728,114.0559,140.1772,208.5643,226.9209,233.9376,101.2853,207.7812,175.4997,198.5571,187.3325,191.0467,85.5614,272.643,199.6981,163.0208,144.6254,187.9191,245.859,240.0591,127.5498,249.0862,263.4453,232.5546,114.9374
F:\projects\DP_Clinical_strains\DP Clinical Isolates results-20220505T053100Z-001\ DP Clinical Isolates results\ELI 271 R1_E. coli_E.coli_IF 0a - Na-Succinate-Fe Citrate_4_37_SBR_709_4#12#2022_A_ 1A_0.OKA,4/12/2022 1:53:05 PM, 1-A,PM04A,ELI 271,"256    IF0a+Sodium Succinate/Ferric Citrate
257    IF0a+Sodium Succinate/Ferric Citrate
258    IF0a+Sodium Succinate/Ferric Citrate
259    IF0a+Sodium Succinate/Ferric Citrate
Name: Condition (Medium), dtype: object",E. coli,R1,19.0,27.8736,260.4763,263.5506,259.3083,268.946,16.2753,17.2856,252.841,244.1383,238.0983,264.7017,102.1562,252.813,258.8853,258.891,242.6289,244.658,252.4505,248.313,246.9837,277.9808,253.4722,249.3345,24.2717,263.2363,244.334,276.2929,276.6328,17.4917,285.9816,242.8153,264.7808,29.2546,258.7646,247.1319,38.1738,259.8418,250.0243,236.4899,245.693,244.5856,230.5942,246.5597,243.3225,254.9901,250.4507,230.7145,36.3002,254.0348,234.3872,236.7464,224.7467,235.6949,28.5402,197.3561,37.9806,247.2462,241.6003,154.4745,31.8238,125.9742,228.322,232.4275,235.7016,236.7745,230.6769,228.1677,219.7295,220.4517,198.6537,130.8966,256.9227,112.1248,138.1562,206.211,231.3704,232.5979,95.4798,206.2746,177.1503,196.2376,188.4425,187.4811,83.5234,273.9064,197.7857,162.767,145.7042,186.7982,250.1557,237.7461,124.5629,249.5976,264.8131,232.8698,113.4123
F:\projects\DP_Clinical_strains\DP Clinical Isolates results-20220505T053100Z-001\ DP Clinical Isolates results\ELI 271 R1_E. coli_E.coli_IF 0a - Na-Succinate-Fe Citrate_4_37_SBR_709_4#12#2022_A_ 1A_0.OKA,4/12/2022 1:53:05 PM, 1-A,PM04A,ELI 271,"256    IF0a+Sodium Succinate/Ferric Citrate
257    IF0a+Sodium Succinate/Ferric Citrate
258    IF0a+Sodium Succinate/Ferric Citrate
259    IF0a+Sodium Succinate/Ferric Citrate
Name: Condition (Medium), dtype: object",E. coli,R1,19.25,23.7805,259.8969,261.8992,256.6929,269.0969,14.6676,11.0,253.9555,245.1236,239.6396,265.7527,103.5089,254.4223,256.6353,255.1007,244.8226,242.3892,248.044,248.3603,248.37,273.9539,253.8302,245.9363,26.7396,264.2074,238.9351,275.4051,276.8167,13.9921,284.7713,241.4213,265.4811,29.6734,256.5137,249.0275,35.8271,257.3043,250.1961,234.2433,242.6277,246.0582,236.6766,250.6669,244.8981,253.9819,251.7865,230.2402,35.0082,250.4484,232.5653,234.2605,220.2523,232.7254,26.9208,197.5081,37.8167,241.0402,242.7865,154.06,31.1937,118.4788,230.1002,234.3178,235.2789,237.7415,229.9142,230.9065,218.635,224.0936,198.4263,124.9588,253.4484,111.7419,138.649,209.7118,231.8336,232.1285,98.4388,206.4427,174.8635,196.7159,183.2772,186.2557,80.991,276.5461,196.3073,159.9698,142.2009,183.4063,245.4883,238.6901,123.0419,249.1971,265.7802,229.908,112.2057
F:\projects\DP_Clinical_strains\DP Clinical Isolates results-20220505T053100Z-001\ DP Clinical Isolates results\ELI 271 R1_E. coli_E.coli_IF 0a - Na-Succinate-Fe Citrate_4_37_SBR_709_4#12#2022_A_ 1A_0.OKA,4/12/2022 1:53:05 PM, 1-A,PM04A,ELI 271,"256    IF0a+Sodium Succinate/Ferric Citrate
257    IF0a+Sodium Succinate/Ferric Citrate
258    IF0a+Sodium Succinate/Ferric Citrate
259    IF0a+Sodium Succinate/Ferric Citrate
Name: Condition (Medium), dtype: object",E. coli,R1,19.5,27.8206,261.791,267.3173,260.204,269.2522,16.9696,12.5032,254.771,246.789,240.8833,266.4633,104.2284,257.7449,262.4522,256.7304,246.0379,243.9058,249.2836,251.3924,250.0211,276.2053,256.7146,248.9748,29.6566,266.7876,246.6442,273.051,278.122,17.7634,286.1025,244.493,267.0825,28.019,259.9719,250.4247,36.9528,259.2556,249.8753,240.1086,245.6351,248.8919,236.9799,248.9974,247.9684,255.6636,252.7925,235.8416,31.6076,256.2427,235.1252,240.788,224.0769,240.2209,27.9242,196.8135,36.1175,243.9925,242.2206,157.0669,31.0125,126.7929,229.5175,236.0056,238.999,239.8582,235.9905,232.2161,222.9763,226.8,199.5428,126.7048,255.2135,112.7029,139.4983,213.6658,233.102,239.5345,99.8296,210.4293,179.9339,197.9936,190.4437,191.6547,85.0728,273.8487,198.0052,161.4195,142.7274,186.5656,248.3492,237.9849,125.5073,253.7733,264.7451,234.0578,113.9049
F:\projects\DP_Clinical_strains\DP Clinical Isolates results-20220505T053100Z-001\ DP Clinical Isolates results\ELI 271 R1_E. coli_E.coli_IF 0a - Na-Succinate-Fe Citrate_4_37_SBR_709_4#12#2022_A_ 1A_0.OKA,4/12/2022 1:53:05 PM, 1-A,PM04A,ELI 271,"256    IF0a+Sodium Succinate/Ferric Citrate
257    IF0a+Sodium Succinate/Ferric Citrate
258    IF0a+Sodium Succinate/Ferric Citrate
259    IF0a+Sodium Succinate/Ferric Citrate
Name: Condition (Medium), dtype: object",E. coli,R1,19.75,28.8335,263.9462,271.1293,259.4322,272.126,18.9814,17.7526,254.0375,243.9514,238.8152,267.8568,108.4737,257.7479,263.9785,257.17,247.2146,248.876,252.2569,248.9693,250.1484,276.1526,254.1811,250.4433,30.1999,267.4531,247.2778,275.3949,280.5714,18.5807,287.5633,243.5689,267.8217,30.9764,261.4442,248.384,35.0467,261.7952,254.9797,243.1197,246.4699,247.8585,239.2565,250.4745,250.3894,257.4296,250.9078,232.7087,40.3388,255.0603,239.2937,237.9121,223.8047,239.4946,28.7596,206.642,41.3144,245.6992,245.4168,158.0585,32.4018,126.0465,232.8248,239.5416,238.9525,242.1163,235.5713,235.9422,225.0975,227.4532,202.0699,127.2638,259.5927,115.9488,145.302,214.1002,234.8108,242.0504,97.3926,212.4299,178.5736,199.6047,187.7533,194.7617,84.8934,276.8073,202.1355,166.4587,142.8657,190.2081,251.0403,241.5008,128.6328,255.2763,266.0789,235.4447,116.0204
F:\projects\DP_Clinical_strains\DP Clinical Isolates results-20220505T053100Z-001\ DP Clinical Isolates results\ELI 271 R1_E. coli_E.coli_IF 0a - Na-Succinate-Fe Citrate_4_37_SBR_709_4#12#2022_A_ 1A_0.OKA,4/12/2022 1:53:05 PM, 1-A,PM04A,ELI 271,"256    IF0a+Sodium Succinate/Ferric Citrate
257    IF0a+Sodium Succinate/Ferric Citrate
258    IF0a+Sodium Succinate/Ferric Citrate
259    IF0a+Sodium Succinate/Ferric Citrate
Name: Condition (Medium), dtype: object",E. coli,R1,20.0,28.401,264.7111,267.3492,260.5838,273.1611,11.901,15.4667,253.3398,247.9419,242.9277,265.4998,106.3211,254.8638,264.9324,260.2467,247.8218,250.8237,252.8436,250.2536,249.5898,274.1252,255.5197,251.9446,25.4646,266.1616,249.1149,273.7482,277.5969,16.2326,287.5277,243.9192,266.5386,31.4224,260.7116,255.7366,31.5505,263.0855,255.869,243.0761,245.0247,249.8644,237.6291,248.1083,249.9094,253.9732,249.2825,231.6835,33.9016,254.8304,237.6372,238.9211,224.3608,236.8428,26.2303,205.7572,37.7788,245.4546,246.2331,159.1175,31.1815,124.1299,231.0582,238.9368,238.2621,241.7759,235.4721,236.0075,223.9272,223.6419,204.3114,124.0031,257.3469,111.1001,138.7003,212.2011,236.2688,241.7502,94.1508,209.2193,177.6126,197.6439,191.1961,194.9273,85.6958,277.1469,199.4292,163.1488,143.2931,193.1113,249.166,240.3656,127.2454,254.1941,265.7318,233.4968,112.5541
F:\projects\DP_Clinical_strains\DP Clinical Isolates results-20220505T053100Z-001\ DP Clinical Isolates results\ELI 271 R1_E. coli_E.coli_IF 0a - Na-Succinate-Fe Citrate_4_37_SBR_709_4#12#2022_A_ 1A_0.OKA,4/12/2022 1:53:05 PM, 1-A,PM04A,ELI 271,"256    IF0a+Sodium Succinate/Ferric Citrate
257    IF0a+Sodium Succinate/Ferric Citrate
258    IF0a+Sodium Succinate/Ferric Citrate
259    IF0a+Sodium Succinate/Ferric Citrate
Name: Condition (Medium), dtype: object",E. coli,R1,20.25,17.4984,260.5846,270.1767,259.9496,272.774,15.958,13.9627,254.4824,246.5246,235.6122,266.0564,109.3969,257.2696,261.2366,256.3956,245.947,248.7627,250.986,251.7283,247.0798,276.1105,255.4286,250.5221,26.6642,264.9547,246.648,273.893,277.1209,16.6517,284.9449,247.5707,270.5669,29.7352,259.7178,250.7855,32.3149,258.4187,250.5327,243.106,248.8332,247.9063,239.4469,248.8838,246.8099,256.1331,252.8275,235.9607,35.6492,255.3289,235.6287,236.8037,225.9609,239.7465,25.8263,205.9465,39.8391,247.3985,246.0202,156.7125,30.6487,126.3363,231.162,238.0182,236.4022,241.6416,237.0033,235.9338,224.8736,230.8037,204.8797,130.6864,257.3667,112.3306,142.1474,212.3708,231.0012,240.3975,96.7993,210.6751,181.8961,203.4878,190.7106,189.5593,85.4825,273.9586,198.7459,160.1962,143.5085,188.7301,253.8479,240.513,120.7193,254.005,263.6733,234.4821,116.2341
F:\projects\DP_Clinical_strains\DP Clinical Isolates results-20220505T053100Z-001\ DP Clinical Isolates results\ELI 271 R1_E. coli_E.coli_IF 0a - Na-Succinate-Fe Citrate_4_37_SBR_709_4#12#2022_A_ 1A_0.OKA,4/12/2022 1:53:05 PM, 1-A,PM04A,ELI 271,"256    IF0a+Sodium Succinate/Ferric Citrate
257    IF0a+Sodium Succinate/Ferric Citrate
258    IF0a+Sodium Succinate/Ferric Citrate
259    IF0a+Sodium Succinate/Ferric Citrate
Name: Condition (Medium), dtype: object",E. coli,R1,20.5,29.4424,262.4791,272.6525,261.0459,271.8359,14.9644,18.0412,253.5619,245.5502,241.5841,264.8618,109.1851,258.3248,261.8942,258.4207,249.4094,250.737,251.8376,253.9966,250.7827,278.1464,255.9529,251.1089,26.2902,268.0522,251.2174,276.6988,279.1682,18.8852,287.4913,248.5949,269.1392,29.7597,260.8005,249.1223,36.3438,261.0385,255.2054,247.1768,248.2402,251.6492,244.7065,250.3411,252.196,255.3594,253.7513,236.2361,35.9279,255.1032,237.6667,240.4154,224.3915,244.4942,27.3929,206.395,39.5313,245.1907,246.2259,161.8054,31.7423,124.8017,233.9784,238.327,241.5929,241.0154,238.3502,238.9023,229.2789,229.9299,205.075,128.6794,257.7407,113.3659,142.1941,216.0289,234.5008,241.6366,99.8255,211.4687,182.7509,203.0505,189.6789,191.3319,89.4209,275.5186,200.6598,168.1738,146.9836,192.2361,255.1118,243.8873,127.9524,253.2291,269.0019,239.2318,117.6892
F:\projects\DP_Clinical_strains\DP Clinical Isolates results-20220505T053100Z-001\ DP Clinical Isolates results\ELI 271 R1_E. coli_E.coli_IF 0a - Na-Succinate-Fe Citrate_4_37_SBR_709_4#12#2022_A_ 1A_0.OKA,4/12/2022 1:53:05 PM, 1-A,PM04A,ELI 271,"256    IF0a+Sodium Succinate/Ferric Citrate
257    IF0a+Sodium Succinate/Ferric Citrate
258    IF0a+Sodium Succinate/Ferric Citrate
259    IF0a+Sodium Succinate/Ferric Citrate
Name: Condition (Medium), dtype: object",E. coli,R1,20.75,29.0417,266.5568,276.3895,265.3513,276.1379,15.6767,18.0618,255.0262,249.7377,244.0245,267.3199,112.7433,259.0072,265.761,259.6098,248.6304,251.072,254.5089,252.7283,250.585,278.0244,253.9879,250.0508,31.5876,268.5066,252.2171,276.1916,282.4694,18.1947,291.9995,251.0763,268.4884,31.0249,263.3752,252.0883,34.6402,265.4124,257.367,247.1146,247.0193,250.4452,240.4832,252.7751,250.1249,256.5659,249.6365,237.0861,37.3913,254.8422,241.2453,245.3171,228.7101,244.2156,29.3068,209.3038,38.9829,246.2601,242.1589,160.258,35.2661,129.9003,236.5445,240.8934,241.1229,245.7288,241.2468,242.7519,227.0198,229.3498,204.7896,126.7251,256.6436,112.3759,143.277,213.5224,240.8304,241.8781,99.3972,213.7425,180.0536,204.2395,196.3713,194.8895,84.763,277.0513,205.2318,169.2328,142.0906,198.4048,251.8344,243.3445,128.5051,258.0796,267.1799,238.1904,111.986
F:\projects\DP_Clinical_strains\DP Clinical Isolates results-20220505T053100Z-001\ DP Clinical Isolates results\ELI 271 R1_E. coli_E.coli_IF 0a - Na-Succinate-Fe Citrate_4_37_SBR_709_4#12#2022_A_ 1A_0.OKA,4/12/2022 1:53:05 PM, 1-A,PM04A,ELI 271,"256    IF0a+Sodium Succinate/Ferric Citrate
257    IF0a+Sodium Succinate/Ferric Citrate
258    IF0a+Sodium Succinate/Ferric Citrate
259    IF0a+Sodium Succinate/Ferric Citrate
Name: Condition (Medium), dtype: object",E. coli,R1,21.0,26.1063,261.9044,274.0673,258.9504,273.33,15.0684,16.1944,258.4221,249.1049,242.749,266.0682,118.5147,257.6548,260.9006,259.6133,247.2248,253.3109,254.8864,256.7954,252.1478,279.926,256.615,254.1597,30.6093,265.8569,250.9408,276.3394,276.7744,18.677,289.0038,251.1525,269.8866,30.9248,262.2661,255.9495,36.0361,262.7909,251.2493,246.3904,251.4614,254.07,243.1849,255.2961,251.7443,260.022,257.6564,238.5348,34.309,259.8557,240.0095,243.6319,231.5954,246.5184,27.3341,209.4157,38.4537,250.0645,250.0347,163.3324,27.9399,122.9296,235.504,240.2747,243.8855,246.5038,242.4222,238.9563,232.4233,233.346,211.501,135.4501,262.9767,112.67,145.1986,218.6723,233.088,242.7009,100.2484,216.8329,186.504,207.2973,190.82,200.4276,85.8627,280.0713,195.655,160.8789,146.8977,186.4665,256.6001,247.7129,133.6349,256.7378,270.6506,240.9479,117.7959
F:\projects\DP_Clinical_strains\DP Clinical Isolates results-20220505T053100Z-001\ DP Clinical Isolates results\ELI 271 R1_E. coli_E.coli_IF 0a - Na-Succinate-Fe Citrate_4_37_SBR_709_4#12#2022_A_ 1A_0.OKA,4/12/2022 1:53:05 PM, 1-A,PM04A,ELI 271,"256    IF0a+Sodium Succinate/Ferric Citrate
257    IF0a+Sodium Succinate/Ferric Citrate
258    IF0a+Sodium Succinate/Ferric Citrate
259    IF0a+Sodium Succinate/Ferric Citrate
Name: Condition (Medium), dtype: object",E. coli,R1,21.25,24.3418,263.3271,275.543,261.7038,277.4037,19.7514,17.5171,256.9163,247.519,246.6689,267.5838,118.854,260.4111,264.3195,258.9958,248.7422,260.784,253.2966,258.3692,253.1429,280.7859,255.3349,251.2635,26.2616,270.2155,251.8513,279.86,277.0216,16.7849,292.4079,253.2938,271.5581,30.5316,262.3991,251.8831,35.3094,262.5027,255.0388,248.1831,251.4913,252.2804,244.2959,254.3809,249.7371,259.504,253.3522,237.6182,34.8877,256.1135,240.4259,245.9027,232.2563,245.6174,28.8564,211.8913,37.8001,248.1717,249.9099,160.667,28.338,122.0831,233.0718,243.5154,244.0275,245.2104,243.9474,239.2112,231.3645,233.9019,210.0426,131.219,262.377,111.4093,143.1404,219.2658,237.5156,243.2366,99.4,216.0715,189.4025,204.5754,194.3157,196.1953,89.4261,276.4941,200.6558,163.0948,147.3743,185.1044,254.2339,246.8355,128.9321,256.4343,268.9395,241.3401,121.7805
F:\projects\DP_Clinical_strains\DP Clinical Isolates results-20220505T053100Z-001\ DP Clinical Isolates results\ELI 271 R1_E. coli_E.coli_IF 0a - Na-Succinate-Fe Citrate_4_37_SBR_709_4#12#2022_A_ 1A_0.OKA,4/12/2022 1:53:05 PM, 1-A,PM04A,ELI 271,"256    IF0a+Sodium Succinate/Ferric Citrate
257    IF0a+Sodium Succinate/Ferric Citrate
258    IF0a+Sodium Succinate/Ferric Citrate
259    IF0a+Sodium Succinate/Ferric Citrate
Name: Condition (Medium), dtype: object",E. coli,R1,21.5,30.0606,263.1715,272.186,260.5538,274.4022,17.0449,20.3365,257.0346,250.7266,242.5237,264.693,119.5651,258.9784,266.7177,258.4962,247.3268,255.2883,253.2596,258.2802,252.1768,282.1842,256.2984,254.9082,29.039,267.2234,252.1847,279.6885,278.5325,17.6992,291.6521,251.022,269.1581,34.4776,263.6198,252.436,39.8844,262.4325,255.0312,250.3434,252.5663,255.3449,244.5914,256.1984,251.7792,257.2973,255.6318,238.399,35.2857,258.8313,243.8694,244.3546,228.7765,247.9391,32.9451,218.4959,42.9523,246.2217,246.861,160.2563,33.7329,127.4735,237.4599,246.0261,241.4402,245.4042,243.293,241.1091,232.7296,233.8896,210.6779,132.2419,258.6007,113.7469,147.0866,218.0695,237.0878,243.9133,96.7059,211.5148,184.0939,207.0072,196.8594,194.1868,84.8669,275.8821,203.9428,167.2914,146.0656,188.6293,256.9849,249.3746,128.7932,254.2839,267.7256,239.2726,113.8488
F:\projects\DP_Clinical_strains\DP Clinical Isolates results-20220505T053100Z-001\ DP Clinical Isolates results\ELI 271 R1_E. coli_E.coli_IF 0a - Na-Succinate-Fe Citrate_4_37_SBR_709_4#12#2022_A_ 1A_0.OKA,4/12/2022 1:53:05 PM, 1-A,PM04A,ELI 271,"256    IF0a+Sodium Succinate/Ferric Citrate
257    IF0a+Sodium Succinate/Ferric Citrate
258    IF0a+Sodium Succinate/Ferric Citrate
259    IF0a+Sodium Succinate/Ferric Citrate
Name: Condition (Medium), dtype: object",E. coli,R1,21.75,27.4726,262.5229,276.0408,262.3638,275.7996,17.1548,12.5172,259.018,250.592,242.1125,265.4012,126.9781,258.9037,267.3864,263.2248,246.4305,255.0865,254.4853,255.498,250.3076,280.2084,257.2632,251.4572,24.6311,267.307,253.3307,278.7896,281.466,21.5377,291.9865,251.4931,273.2505,32.9088,260.5323,254.07,36.2918,263.6726,252.0922,254.3498,252.5438,253.579,243.8489,255.1347,255.2382,260.3238,256.3095,235.0488,33.6103,259.1155,239.7509,245.9916,230.9757,245.9539,29.7514,215.7293,37.6591,249.867,246.6665,162.934,28.8569,127.3151,238.6639,246.6566,243.4641,246.0398,239.1212,238.6843,231.9534,233.7747,213.8683,128.92,260.5986,111.5845,147.1285,219.552,232.956,245.8403,99.2636,213.8351,186.3786,206.1857,195.2054,194.9426,87.9652,278.2252,200.3522,163.5447,143.9826,190.1221,258.7145,250.6156,132.2953,261.1891,267.9654,241.7004,120.2949
F:\projects\DP_Clinical_strains\DP Clinical Isolates results-20220505T053100Z-001\ DP Clinical Isolates results\ELI 271 R1_E. coli_E.coli_IF 0a - Na-Succinate-Fe Citrate_4_37_SBR_709_4#12#2022_A_ 1A_0.OKA,4/12/2022 1:53:05 PM, 1-A,PM04A,ELI 271,"256    IF0a+Sodium Succinate/Ferric Citrate
257    IF0a+Sodium Succinate/Ferric Citrate
258    IF0a+Sodium Succinate/Ferric Citrate
259    IF0a+Sodium Succinate/Ferric Citrate
Name: Condition (Medium), dtype: object",E. coli,R1,22.0,30.1143,263.2752,277.56,258.9763,276.3634,16.7917,17.8189,258.7184,251.929,243.3321,268.765,125.9012,261.5502,263.1413,258.638,248.6729,257.443,256.725,259.8919,253.0444,277.4371,260.0739,251.2106,27.2922,264.2274,253.9384,277.7385,280.2203,18.708,290.2499,255.5119,273.6094,31.7454,262.4413,253.6615,38.091,262.4417,253.6643,249.8214,251.3302,254.0578,250.2696,254.6185,251.6002,262.0562,257.4383,240.8331,36.1635,258.9037,242.2343,246.8807,233.1455,247.4558,26.4897,218.0739,36.2185,249.8479,250.52,166.7715,31.4567,127.8927,233.1317,241.9321,242.853,246.2368,244.7468,243.6635,232.6775,239.018,213.6913,136.8881,262.2594,113.0075,143.6276,220.871,240.9571,248.6602,98.5501,217.4534,191.0248,206.5527,195.5747,198.5662,89.3652,280.2888,201.8515,164.7542,146.1266,187.9867,254.3791,249.2352,130.6561,258.4884,270.1676,241.5524,125.5971
F:\projects\DP_Clinical_strains\DP Clinical Isolates results-20220505T053100Z-001\ DP Clinical Isolates results\ELI 271 R1_E. coli_E.coli_IF 0a - Na-Succinate-Fe Citrate_4_37_SBR_709_4#12#2022_A_ 1A_0.OKA,4/12/2022 1:53:05 PM, 1-A,PM04A,ELI 271,"256    IF0a+Sodium Succinate/Ferric Citrate
257    IF0a+Sodium Succinate/Ferric Citrate
258    IF0a+Sodium Succinate/Ferric Citrate
259    IF0a+Sodium Succinate/Ferric Citrate
Name: Condition (Medium), dtype: object",E. coli,R1,22.25,26.5724,262.9331,276.5278,259.2757,273.6698,14.2614,13.3038,260.9779,249.4724,239.4967,270.4616,130.9304,258.545,265.4069,259.1704,247.457,254.0991,257.3422,255.5922,255.9137,280.3243,254.7052,252.1836,29.6302,266.056,255.4407,279.1017,283.0569,19.0643,291.3667,255.1348,272.4023,31.271,263.5326,252.4986,35.8065,264.0036,254.2825,254.1901,253.9797,256.0056,248.5368,255.1821,251.0107,259.9868,256.7086,238.4996,32.5155,258.0872,241.6003,244.456,233.5104,250.0801,29.7813,215.7808,37.6075,248.1372,250.69,165.9797,31.567,126.6039,236.5684,246.608,242.3494,247.2845,243.1472,244.4263,232.5734,237.2653,215.0876,133.5155,262.0946,110.3572,142.0175,220.5665,236.5677,245.3911,102.8515,217.0606,189.5826,206.8212,196.1673,195.1098,84.5633,277.5281,199.5057,161.0812,145.8738,188.3347,254.6271,251.1657,130.1344,260.6119,267.4728,241.9443,118.8129
F:\projects\DP_Clinical_strains\DP Clinical Isolates results-20220505T053100Z-001\ DP Clinical Isolates results\ELI 271 R1_E. coli_E.coli_IF 0a - Na-Succinate-Fe Citrate_4_37_SBR_709_4#12#2022_A_ 1A_0.OKA,4/12/2022 1:53:05 PM, 1-A,PM04A,ELI 271,"256    IF0a+Sodium Succinate/Ferric Citrate
257    IF0a+Sodium Succinate/Ferric Citrate
258    IF0a+Sodium Succinate/Ferric Citrate
259    IF0a+Sodium Succinate/Ferric Citrate
Name: Condition (Medium), dtype: object",E. coli,R1,22.5,27.9949,263.0787,279.661,257.8278,273.7168,16.6522,11.0,258.6128,248.6809,238.5066,264.4989,130.8866,259.5996,262.8298,260.1773,248.42,258.0009,257.1919,258.417,252.7103,280.0543,257.7204,253.8217,29.7832,266.5659,255.7018,278.7686,278.031,12.224,290.1194,253.472,271.8132,29.2974,266.1507,250.2145,34.9047,261.6163,253.2728,253.0433,255.508,259.9558,248.0528,257.5963,251.4243,256.9787,257.3355,239.2213,35.27,258.0865,241.5262,244.3948,232.1605,247.5491,23.93,220.4886,36.8145,249.8288,249.2657,170.9473,31.7119,122.217,235.1399,249.7253,241.4878,245.8094,241.2457,246.0717,232.0589,236.9168,213.8842,132.7967,259.0541,109.6697,146.4253,224.5127,232.6674,246.691,95.125,217.1395,190.9107,209.2397,196.0139,197.5623,82.4134,275.0445,199.3512,161.2417,144.3073,186.6495,256.4239,246.3986,134.3715,259.7797,269.4934,243.8408,123.3276
F:\projects\DP_Clinical_strains\DP Clinical Isolates results-20220505T053100Z-001\ DP Clinical Isolates results\ELI 271 R1_E. coli_E.coli_IF 0a - Na-Succinate-Fe Citrate_4_37_SBR_709_4#12#2022_A_ 1A_0.OKA,4/12/2022 1:53:05 PM, 1-A,PM04A,ELI 271,"256    IF0a+Sodium Succinate/Ferric Citrate
257    IF0a+Sodium Succinate/Ferric Citrate
258    IF0a+Sodium Succinate/Ferric Citrate
259    IF0a+Sodium Succinate/Ferric Citrate
Name: Condition (Medium), dtype: object",E. coli,R1,22.75,29.5981,263.8469,277.877,259.4606,280.4261,13.6947,15.9867,259.0419,250.9655,240.7116,266.9037,135.991,261.527,264.7608,261.7386,249.747,259.6887,257.0677,260.4099,257.8853,279.8724,259.7363,251.4186,31.1333,266.0,254.7699,281.9777,281.6534,15.2397,293.6674,255.6025,272.4502,34.0066,262.5764,255.0327,40.3389,264.325,254.0721,255.4045,258.2537,258.6104,251.193,257.6819,253.1374,258.3755,259.1595,240.4949,37.8767,261.9118,241.7928,247.3904,234.6942,249.3909,27.75,219.0413,33.0468,252.3776,251.2932,169.6973,31.69,124.5696,237.3727,249.1281,246.7927,250.2912,246.9201,245.9033,238.4599,241.4549,214.1696,136.3656,263.9087,111.2622,148.0183,220.3012,241.8229,247.4662,98.4353,220.3327,191.1741,214.221,197.3872,201.6226,89.3509,280.0638,198.4923,164.2299,147.0827,189.261,256.9657,249.5536,134.5081,259.804,270.8089,246.4124,125.9113
F:\projects\DP_Clinical_strains\DP Clinical Isolates results-20220505T053100Z-001\ DP Clinical Isolates results\ELI 271 R1_E. coli_E.coli_IF 0a - Na-Succinate-Fe Citrate_4_37_SBR_709_4#12#2022_A_ 1A_0.OKA,4/12/2022 1:53:05 PM, 1-A,PM04A,ELI 271,"256    IF0a+Sodium Succinate/Ferric Citrate
257    IF0a+Sodium Succinate/Ferric Citrate
258    IF0a+Sodium Succinate/Ferric Citrate
259    IF0a+Sodium Succinate/Ferric Citrate
Name: Condition (Medium), dtype: object",E. coli,R1,23.0,27.1736,262.2863,282.3714,262.9801,279.1574,13.605,13.9994,258.1046,248.2571,241.7623,267.3832,134.1368,261.0528,265.8056,263.8174,251.8715,257.585,254.0031,259.8832,253.7146,283.2368,258.7813,248.8925,25.7111,268.0132,255.3703,281.7368,281.5489,17.4297,293.6943,256.0104,270.8294,33.1069,265.7862,255.1131,37.7046,260.9872,254.3591,255.1166,255.3766,256.6169,251.7121,256.4739,255.8448,259.0024,258.3881,242.2253,34.6179,259.8336,243.6672,246.5668,234.736,249.9877,28.8888,227.1828,37.0217,250.992,251.9302,166.3682,30.2786,130.1753,235.6046,248.2565,243.9561,246.5167,242.5886,247.1748,234.656,236.2321,215.2299,135.4698,259.0673,108.8927,144.1427,222.9356,237.1692,247.4831,97.1348,219.8357,189.3123,207.8785,197.799,197.3681,90.3767,276.2767,199.2796,163.4506,147.2095,188.6354,253.2542,255.0006,134.2439,259.9506,268.4403,243.0183,122.7108
F:\projects\DP_Clinical_strains\DP Clinical Isolates results-20220505T053100Z-001\ DP Clinical Isolates results\ELI 271 R1_E. coli_E.coli_IF 0a - Na-Succinate-Fe Citrate_4_37_SBR_709_4#12#2022_A_ 1A_0.OKA,4/12/2022 1:53:05 PM, 1-A,PM04A,ELI 271,"256    IF0a+Sodium Succinate/Ferric Citrate
257    IF0a+Sodium Succinate/Ferric Citrate
258    IF0a+Sodium Succinate/Ferric Citrate
259    IF0a+Sodium Succinate/Ferric Citrate
Name: Condition (Medium), dtype: object",E. coli,R1,23.25,29.5415,263.6097,278.4665,259.9902,276.144,19.2914,14.6001,257.2394,249.1892,244.5182,265.0402,138.4696,259.1039,265.5589,262.8952,248.1496,255.5586,253.1971,261.885,252.123,282.2592,256.9797,252.8334,30.059,267.7812,257.812,280.2234,281.7887,18.9718,293.1455,256.7717,272.6345,29.5466,258.9987,253.9282,37.1741,263.4325,257.6367,254.0396,257.6743,257.7504,248.995,257.1726,252.8543,256.9574,256.6212,241.178,36.0287,262.7274,243.915,246.5354,230.5956,245.8326,27.3257,225.0446,36.9542,249.1471,246.2507,167.0047,34.2417,125.6133,238.4541,250.8725,247.1571,247.4977,245.2429,245.5941,237.4964,238.0875,216.4341,132.0335,263.3221,112.4219,146.8304,222.7703,236.6551,247.8873,96.3913,222.066,187.733,208.3044,196.9978,198.7043,85.9322,275.6226,199.5241,160.973,150.3623,188.4064,256.2946,250.2243,135.4099,259.4774,268.09,247.9398,119.5407
F:\projects\DP_Clinical_strains\DP Clinical Isolates results-20220505T053100Z-001\ DP Clinical Isolates results\ELI 271 R1_E. coli_E.coli_IF 0a - Na-Succinate-Fe Citrate_4_37_SBR_709_4#12#2022_A_ 1A_0.OKA,4/12/2022 1:53:05 PM, 1-A,PM04A,ELI 271,"256    IF0a+Sodium Succinate/Ferric Citrate
257    IF0a+Sodium Succinate/Ferric Citrate
258    IF0a+Sodium Succinate/Ferric Citrate
259    IF0a+Sodium Succinate/Ferric Citrate
Name: Condition (Medium), dtype: object",E. coli,R1,23.5,22.1615,263.8366,280.7324,262.0698,280.6598,13.9403,12.1141,261.3987,251.1886,246.2082,267.8935,143.8542,262.4747,266.0694,264.0902,249.4502,262.4076,257.0776,261.4379,257.3548,281.2122,259.199,255.2125,33.5029,268.6938,257.2284,281.6461,281.5686,17.7308,292.5625,257.6763,272.9483,30.9801,265.014,251.5625,38.5613,263.5817,255.8095,255.5163,259.4254,260.1961,248.306,262.3601,253.2127,264.5082,260.2022,242.8782,34.9005,259.9415,245.2784,250.3198,237.169,252.1513,27.3174,229.7918,36.4874,252.8852,252.4058,172.1776,32.3156,125.4719,234.839,249.2293,248.56,251.794,245.994,248.5814,237.2285,240.0548,217.5161,132.8927,263.6321,114.2675,149.3578,225.1143,241.3543,248.6304,99.0162,221.6848,194.6003,209.0099,197.8298,199.0965,85.3486,281.0606,201.7072,164.8652,149.3325,187.1758,259.5935,251.7868,137.0547,259.3997,269.9174,245.8915,126.8513
F:\projects\DP_Clinical_strains\DP Clinical Isolates results-20220505T053100Z-001\ DP Clinical Isolates results\ELI 271 R1_E. coli_E.coli_IF 0a - Na-Succinate-Fe Citrate_4_37_SBR_709_4#12#2022_A_ 1A_0.OKA,4/12/2022 1:53:05 PM, 1-A,PM04A,ELI 271,"256    IF0a+Sodium Succinate/Ferric Citrate
257    IF0a+Sodium Succinate/Ferric Citrate
258    IF0a+Sodium Succinate/Ferric Citrate
259    IF0a+Sodium Succinate/Ferric Citrate
Name: Condition (Medium), dtype: object",E. coli,R1,23.75,23.6685,264.8216,281.1342,259.6084,278.6268,17.7132,14.9569,262.0725,252.374,242.5244,267.6736,142.5223,263.9732,262.6003,263.9045,250.6444,259.4507,259.6468,260.6299,258.2536,281.1757,258.3527,252.4744,31.748,267.3135,257.3223,283.0395,282.1174,16.5094,293.486,258.1144,276.2449,35.472,265.5207,255.1961,37.679,268.051,253.0436,257.0592,259.891,263.4102,253.9103,259.601,253.9283,260.4076,258.3828,245.446,35.1502,260.826,245.2864,249.0359,236.5018,252.0861,25.9628,226.4249,39.2895,253.3816,253.5193,177.0617,31.4233,126.193,237.6963,249.8053,250.3451,252.398,249.977,249.4752,237.3265,246.6219,220.8129,135.7646,260.8531,114.7466,150.5976,228.9743,242.5784,249.3186,100.132,224.462,193.0425,216.636,195.9504,204.1611,84.7553,278.1294,200.4875,165.5157,148.976,189.1185,257.9352,252.5073,134.7676,262.1188,269.4793,243.1856,125.5043
F:\projects\DP_Clinical_strains\DP Clinical Isolates results-20220505T053100Z-001\ DP Clinical Isolates results\ELI 271 R1_E. coli_E.coli_IF 0a - Na-Succinate-Fe Citrate_4_37_SBR_709_4#12#2022_A_ 1A_0.OKA,4/12/2022 1:53:05 PM, 1-A,PM04A,ELI 271,"256    IF0a+Sodium Succinate/Ferric Citrate
257    IF0a+Sodium Succinate/Ferric Citrate
258    IF0a+Sodium Succinate/Ferric Citrate
259    IF0a+Sodium Succinate/Ferric Citrate
Name: Condition (Medium), dtype: object",E. coli,R1,24.0,27.6965,265.1492,279.4211,261.0238,278.3727,15.6314,13.755,261.8795,249.8071,245.5504,267.4489,142.51,263.8959,265.9309,261.4713,250.7826,256.8696,261.7103,262.9257,255.2904,281.8512,261.6273,250.8145,27.8806,267.3035,254.8608,280.8796,283.2015,18.5011,292.8257,256.0508,273.489,30.9238,266.1566,255.7214,36.8496,265.0401,257.9724,254.8968,255.1402,260.8768,250.8324,259.067,257.7702,264.0549,259.8377,244.4042,35.0474,262.5186,244.1346,249.7304,240.5133,252.7723,25.7072,232.5268,37.9273,250.4375,251.7538,169.5285,30.7357,122.5084,235.9572,247.6894,247.0365,250.6227,244.4185,247.7516,239.7418,243.1808,220.7083,132.3081,263.5431,109.7012,147.3881,225.4255,237.7674,251.2174,95.8653,221.4609,193.5881,214.0679,202.3848,203.2526,84.9778,278.4122,201.0821,163.7031,150.1992,189.2288,260.8896,253.871,136.8236,264.0099,268.7587,249.6615,125.3273
F:\projects\DP_Clinical_strains\DP Clinical Isolates results-20220505T053100Z-001\ DP Clinical Isolates results\ELI 271 R1_E. coli_E.coli_IF 0a - Na-Succinate-Fe Citrate_4_37_SBR_709_4#12#2022_A_ 1A_0.OKA,4/12/2022 1:53:05 PM, 1-A,PM04A,ELI 271,"256    IF0a+Sodium Succinate/Ferric Citrate
257    IF0a+Sodium Succinate/Ferric Citrate
258    IF0a+Sodium Succinate/Ferric Citrate
259    IF0a+Sodium Succinate/Ferric Citrate
Name: Condition (Medium), dtype: object",E. coli,R1,24.25,24.7919,267.6751,280.0202,261.1116,279.953,16.8454,11.6617,259.197,249.5671,245.1276,268.0384,151.609,259.2414,269.6524,259.3658,253.2073,260.5986,258.5491,260.5042,257.6126,280.8448,260.5992,254.8114,30.5038,268.1603,256.8843,282.4387,282.3252,20.2058,294.0096,258.5108,275.2584,34.9164,265.7362,254.3405,40.0905,264.3415,254.6487,256.6622,259.9209,262.8612,254.5132,261.8372,254.8514,256.0984,260.6042,244.214,33.1962,260.2744,244.1085,248.7594,237.4425,254.3975,30.5202,234.861,39.1728,253.6662,250.6466,170.606,33.1212,126.1849,241.338,250.3906,249.2253,251.799,246.9731,249.4867,239.9989,243.6494,222.867,136.5165,263.2769,115.5528,147.9989,228.4941,239.7893,251.3699,98.8068,227.2981,194.9084,215.5957,198.2467,201.6023,87.4124,279.4693,201.1027,166.8475,148.5362,189.7427,259.9925,252.0472,133.4941,259.9922,267.861,246.403,124.7418
F:\projects\DP_Clinical_strains\DP Clinical Isolates results-20220505T053100Z-001\ DP Clinical Isolates results\ELI 271 R1_E. coli_E.coli_IF 0a - Na-Succinate-Fe Citrate_4_37_SBR_709_4#12#2022_A_ 1A_0.OKA,4/12/2022 1:53:05 PM, 1-A,PM04A,ELI 271,"256    IF0a+Sodium Succinate/Ferric Citrate
257    IF0a+Sodium Succinate/Ferric Citrate
258    IF0a+Sodium Succinate/Ferric Citrate
259    IF0a+Sodium Succinate/Ferric Citrate
Name: Condition (Medium), dtype: object",E. coli,R1,24.5,25.6497,265.0335,281.2537,260.1411,280.8257,14.8164,15.966,261.9634,251.6326,245.6509,269.4803,152.7578,264.3892,268.8778,264.4651,250.4248,263.9883,258.2872,260.5012,255.6306,279.0774,259.526,253.5062,29.6957,270.7067,254.2068,284.7747,282.9975,15.9032,296.4988,259.3383,276.7989,35.4622,263.0086,253.906,37.4727,263.1899,258.7913,258.0662,258.9561,263.6228,252.5436,262.7437,254.9209,265.1058,260.6975,244.1436,36.3384,261.6371,242.4599,250.3767,237.2286,253.4564,29.4877,236.0093,37.8128,252.4766,254.5407,173.1137,31.0216,127.3518,235.6615,251.66,249.9767,248.9216,247.6416,250.9311,239.6222,243.7685,221.2296,134.9895,265.4346,112.3609,145.2345,227.9904,241.5222,251.925,97.3341,220.3496,198.37,214.0779,200.5723,198.6862,91.4794,277.8052,205.0344,168.6923,151.0954,191.2154,257.8658,255.1804,136.2226,265.5898,270.1368,248.571,124.4553
F:\projects\DP_Clinical_strains\DP Clinical Isolates results-20220505T053100Z-001\ DP Clinical Isolates results\ELI 271 R1_E. coli_E.coli_IF 0a - Na-Succinate-Fe Citrate_4_37_SBR_709_4#12#2022_A_ 1A_0.OKA,4/12/2022 1:53:05 PM, 1-A,PM04A,ELI 271,"256    IF0a+Sodium Succinate/Ferric Citrate
257    IF0a+Sodium Succinate/Ferric Citrate
258    IF0a+Sodium Succinate/Ferric Citrate
259    IF0a+Sodium Succinate/Ferric Citrate
Name: Condition (Medium), dtype: object",E. coli,R1,24.75,25.1455,264.7444,285.07,260.0054,279.1759,15.8142,12.8656,261.1973,248.2277,244.0737,268.4206,146.88,262.2831,266.0314,263.4427,250.7571,262.8648,257.1801,263.6078,256.9723,281.5548,259.5557,254.5537,31.2685,266.3423,256.4879,282.0669,283.4399,17.5641,294.0825,259.4937,276.1433,28.5648,263.6746,254.3468,38.3328,263.5141,258.4172,256.2572,260.5358,262.0204,255.226,259.9182,255.3338,263.543,260.0071,248.5205,34.6928,263.5623,245.955,248.6591,239.2719,255.7915,25.4387,234.7406,41.6354,251.9505,253.2799,172.1004,32.8796,120.9934,239.8168,254.5642,248.72,252.2524,248.6498,252.6393,240.7135,244.8953,222.9611,136.0,258.9114,111.4426,144.8864,228.286,239.8785,251.1955,94.8706,223.387,199.4841,216.4984,202.7871,203.0585,87.2336,278.1465,201.1042,163.859,146.8557,187.495,259.3058,255.9789,135.3215,265.1254,268.6972,249.5959,128.8098
F:\projects\DP_Clinical_strains\DP Clinical Isolates results-20220505T053100Z-001\ DP Clinical Isolates results\ELI 271 R1_E. coli_E.coli_IF 0a - Na-Succinate-Fe Citrate_4_37_SBR_709_4#12#2022_A_ 1A_0.OKA,4/12/2022 1:53:05 PM, 1-A,PM04A,ELI 271,"256    IF0a+Sodium Succinate/Ferric Citrate
257    IF0a+Sodium Succinate/Ferric Citrate
258    IF0a+Sodium Succinate/Ferric Citrate
259    IF0a+Sodium Succinate/Ferric Citrate
Name: Condition (Medium), dtype: object",E. coli,R1,25.0,27.5519,264.1266,281.8422,263.6859,280.3703,18.1238,11.0316,260.9945,251.3756,243.1868,267.6249,154.7343,261.7248,268.1931,261.5526,253.0694,260.2712,257.6803,260.1665,259.4821,282.5487,258.0768,256.0121,31.2991,266.5876,257.4465,283.021,285.5453,19.215,296.4749,259.1667,274.0313,31.2785,268.5123,254.8225,40.1422,264.3257,255.7872,259.994,259.2783,261.1239,254.4974,264.0026,253.9644,263.1023,261.627,249.4963,31.9949,265.0158,247.4029,247.3257,241.6404,254.2034,29.1853,238.6041,36.8471,252.9918,252.1714,171.2893,28.4165,125.1556,238.4438,252.3175,251.3972,250.1969,248.4186,249.5259,240.0531,244.7846,222.5376,134.6074,263.6259,112.2518,150.1222,229.4782,239.3191,251.7057,95.1763,227.597,199.6548,218.1732,202.5289,203.0755,90.9587,276.1623,199.9251,168.588,146.1588,186.0,260.981,252.4817,136.3681,256.7988,271.5364,250.5849,125.7545
F:\projects\DP_Clinical_strains\DP Clinical Isolates results-20220505T053100Z-001\ DP Clinical Isolates results\ELI 271 R1_E. coli_E.coli_IF 0a - Na-Succinate-Fe Citrate_4_37_SBR_709_4#12#2022_A_ 1A_0.OKA,4/12/2022 1:53:05 PM, 1-A,PM04A,ELI 271,"256    IF0a+Sodium Succinate/Ferric Citrate
257    IF0a+Sodium Succinate/Ferric Citrate
258    IF0a+Sodium Succinate/Ferric Citrate
259    IF0a+Sodium Succinate/Ferric Citrate
Name: Condition (Medium), dtype: object",E. coli,R1,25.25,24.9214,266.2982,281.6009,263.6055,282.8316,16.3338,11.0,261.8976,250.3431,243.1507,268.7736,161.2885,262.7447,268.0382,264.2856,249.5051,263.3457,259.4128,262.7502,259.1699,282.0749,261.104,256.8507,28.1995,267.6621,257.8719,282.032,285.3179,13.2653,297.7166,258.6786,277.0365,33.0755,267.3587,256.4257,31.8631,267.2739,259.7087,257.4404,261.2512,263.6681,255.0569,260.4255,258.6289,260.886,261.4649,246.7287,35.2647,261.8644,245.0313,249.8581,238.6179,253.9888,27.6789,237.7258,34.7775,254.3457,251.8781,174.1891,26.9521,126.0777,237.9017,252.0762,252.8485,253.2768,248.8247,252.1644,242.5254,245.309,225.1018,134.6575,263.651,109.4058,145.8217,230.2548,239.0528,255.5953,94.7312,227.8164,194.1056,217.8259,199.5877,204.8997,85.5201,279.7934,206.8212,163.4698,146.8588,190.3772,258.2449,255.8288,134.742,261.4685,270.2379,250.6259,125.5775
F:\projects\DP_Clinical_strains\DP Clinical Isolates results-20220505T053100Z-001\ DP Clinical Isolates results\ELI 271 R1_E. coli_E.coli_IF 0a - Na-Succinate-Fe Citrate_4_37_SBR_709_4#12#2022_A_ 1A_0.OKA,4/12/2022 1:53:05 PM, 1-A,PM04A,ELI 271,"256    IF0a+Sodium Succinate/Ferric Citrate
257    IF0a+Sodium Succinate/Ferric Citrate
258    IF0a+Sodium Succinate/Ferric Citrate
259    IF0a+Sodium Succinate/Ferric Citrate
Name: Condition (Medium), dtype: object",E. coli,R1,25.5,20.2433,263.1476,280.3819,263.6808,281.3387,11.1935,11.0,261.8228,250.7533,242.7921,269.2307,157.3841,263.3545,265.0374,265.8701,251.4798,259.8218,256.7572,263.1273,258.7472,280.6723,261.207,254.2104,26.8509,268.59,254.7439,280.5517,282.6632,12.5448,293.9865,258.9669,277.2921,30.655,263.4589,257.028,33.4141,266.3174,258.6596,260.2611,261.2912,261.6994,254.7004,257.6786,253.6723,261.9025,262.1026,247.3511,35.4549,261.8423,245.15,251.015,241.759,255.3223,21.3919,241.1832,31.8603,253.4941,253.4424,175.6396,31.1563,123.2858,240.4214,254.2218,252.9033,253.7682,247.9279,254.4796,239.3544,245.393,226.5114,135.4055,261.5387,108.1311,145.3447,229.7762,237.5083,255.5387,99.4679,224.9244,194.7829,218.5077,199.7133,200.9939,87.1823,279.5396,200.8342,163.154,149.2789,191.6913,258.941,254.6753,136.0266,262.1866,270.7023,248.8402,123.3492
F:\projects\DP_Clinical_strains\DP Clinical Isolates results-20220505T053100Z-001\ DP Clinical Isolates results\ELI 271 R1_E. coli_E.coli_IF 0a - Na-Succinate-Fe Citrate_4_37_SBR_709_4#12#2022_A_ 1A_0.OKA,4/12/2022 1:53:05 PM, 1-A,PM04A,ELI 271,"256    IF0a+Sodium Succinate/Ferric Citrate
257    IF0a+Sodium Succinate/Ferric Citrate
258    IF0a+Sodium Succinate/Ferric Citrate
259    IF0a+Sodium Succinate/Ferric Citrate
Name: Condition (Medium), dtype: object",E. coli,R1,25.75,30.8649,269.0063,282.3163,263.3212,282.0399,14.3872,14.8159,262.4212,250.7232,247.1146,266.4618,159.0427,264.765,272.9447,262.8438,254.7093,261.6846,258.2237,263.1996,259.2614,284.9016,257.031,253.8796,27.7296,270.21,258.6265,286.2961,286.9973,14.4929,299.1755,258.8795,277.1353,32.0767,268.261,253.0839,36.4852,270.2316,265.0237,260.5019,257.3307,259.4512,252.7773,258.4295,256.4955,259.5108,257.0884,242.8211,36.3631,259.6333,247.4184,250.6383,238.3115,256.8206,24.3719,244.4476,39.8473,250.6059,250.1787,169.4719,31.5066,129.3776,241.5122,254.009,250.1929,253.2234,245.151,248.3946,244.9713,242.2166,221.544,128.6889,261.2512,109.6743,141.3876,226.1158,243.5919,251.9971,93.9402,227.0527,195.1273,213.3383,203.749,201.685,89.303,276.009,204.1611,161.3948,146.614,193.8393,259.8495,254.87,131.5398,259.968,269.5048,250.8172,120.227
F:\projects\DP_Clinical_strains\DP Clinical Isolates results-20220505T053100Z-001\ DP Clinical Isolates results\ELI 271 R1_E. coli_E.coli_IF 0a - Na-Succinate-Fe Citrate_4_37_SBR_709_4#12#2022_A_ 1A_0.OKA,4/12/2022 1:53:05 PM, 1-A,PM04A,ELI 271,"256    IF0a+Sodium Succinate/Ferric Citrate
257    IF0a+Sodium Succinate/Ferric Citrate
258    IF0a+Sodium Succinate/Ferric Citrate
259    IF0a+Sodium Succinate/Ferric Citrate
Name: Condition (Medium), dtype: object",E. coli,R1,26.0,29.628,267.1465,284.8619,265.6792,283.9685,15.9973,14.5311,260.4845,253.3811,245.6451,270.5327,168.7949,267.3178,272.3727,267.423,251.5772,262.1582,261.9615,264.7956,257.8623,288.0776,259.6578,256.8862,28.4077,269.8936,261.0957,287.1879,287.6049,15.4574,296.5464,258.7441,280.2076,36.5542,266.6097,256.5876,36.1872,269.3645,264.6602,261.9164,259.3716,260.4909,259.0,265.1773,259.2708,262.0186,263.5442,243.8377,34.5325,263.0298,246.0275,251.7234,242.8472,256.906,26.1988,243.2378,40.2148,251.5755,253.5388,174.7626,33.5531,129.6575,242.8875,255.2805,247.6199,251.0471,247.9944,252.9589,244.2317,242.9558,224.1169,135.127,262.0701,109.1109,147.0628,228.0622,243.3863,257.4673,99.1923,228.1361,197.6407,217.2717,200.0009,202.4559,88.0483,279.6366,202.2958,169.4246,148.0099,196.4345,261.403,257.7899,134.6469,262.0272,273.6085,252.1129,124.417
F:\projects\DP_Clinical_strains\DP Clinical Isolates results-20220505T053100Z-001\ DP Clinical Isolates results\ELI 271 R1_E. coli_E.coli_IF 0a - Na-Succinate-Fe Citrate_4_37_SBR_709_4#12#2022_A_ 1A_0.OKA,4/12/2022 1:53:05 PM, 1-A,PM04A,ELI 271,"256    IF0a+Sodium Succinate/Ferric Citrate
257    IF0a+Sodium Succinate/Ferric Citrate
258    IF0a+Sodium Succinate/Ferric Citrate
259    IF0a+Sodium Succinate/Ferric Citrate
Name: Condition (Medium), dtype: object",E. coli,R1,26.25,27.1336,266.9814,286.8286,263.9471,279.8586,18.0094,15.0133,262.1592,252.501,245.8449,267.7617,172.1457,262.3232,270.3199,267.0103,254.4766,262.4855,259.9199,263.0167,261.311,288.5316,261.5917,255.3295,28.7748,270.8088,262.0682,285.932,287.0146,17.6326,297.6616,261.0281,280.0378,36.1283,272.2854,258.1245,38.7736,266.1378,263.2793,262.1891,259.9113,265.0485,259.2428,262.7471,257.2746,265.533,260.2525,245.6298,37.9103,262.0092,247.2799,250.3134,240.0751,257.0029,28.2412,246.2022,36.25,252.832,253.7431,177.0378,32.5911,129.0659,239.5534,253.0386,255.9349,253.5884,249.646,252.3163,245.2283,244.9429,227.6015,132.6934,262.9558,114.3095,147.5152,235.3092,242.4138,253.6855,101.8409,228.0713,199.0642,218.3202,202.5214,206.4222,90.573,279.807,207.8709,166.0676,151.9541,196.6184,258.581,258.2538,134.8935,263.9057,272.2985,247.9311,129.4343
F:\projects\DP_Clinical_strains\DP Clinical Isolates results-20220505T053100Z-001\ DP Clinical Isolates results\ELI 271 R1_E. coli_E.coli_IF 0a - Na-Succinate-Fe Citrate_4_37_SBR_709_4#12#2022_A_ 1A_0.OKA,4/12/2022 1:53:05 PM, 1-A,PM04A,ELI 271,"256    IF0a+Sodium Succinate/Ferric Citrate
257    IF0a+Sodium Succinate/Ferric Citrate
258    IF0a+Sodium Succinate/Ferric Citrate
259    IF0a+Sodium Succinate/Ferric Citrate
Name: Condition (Medium), dtype: object",E. coli,R1,26.5,30.5125,270.4687,284.3614,265.3102,284.4813,16.7006,14.8848,260.053,251.2686,249.6117,269.7134,174.6752,265.8241,274.9331,268.0279,257.2786,267.0569,262.0944,263.5013,261.5833,289.5663,263.8349,260.5952,28.1522,273.9684,261.6484,287.6638,290.0057,21.6444,300.6419,263.8687,283.0698,36.2972,270.4967,261.8679,33.7491,270.9776,271.6791,263.4619,260.9606,263.2386,260.2982,264.487,260.1703,264.3015,261.057,246.2327,37.8809,262.853,250.0506,252.8823,240.7237,260.532,28.3463,244.7692,40.2723,255.3844,252.0357,172.1424,31.7899,128.9844,243.9318,257.8188,255.6364,251.8815,252.1147,254.4268,245.0268,245.0138,226.5135,133.7172,262.999,110.8845,148.624,232.9044,249.4943,255.4545,96.9667,228.5232,197.6507,219.4442,206.1739,204.7817,89.5277,283.8391,208.0472,171.4985,147.3874,200.579,260.1841,257.8581,136.9701,265.0267,270.8789,251.9221,125.6333
F:\projects\DP_Clinical_strains\DP Clinical Isolates results-20220505T053100Z-001\ DP Clinical Isolates results\ELI 271 R1_E. coli_E.coli_IF 0a - Na-Succinate-Fe Citrate_4_37_SBR_709_4#12#2022_A_ 1A_0.OKA,4/12/2022 1:53:05 PM, 1-A,PM04A,ELI 271,"256    IF0a+Sodium Succinate/Ferric Citrate
257    IF0a+Sodium Succinate/Ferric Citrate
258    IF0a+Sodium Succinate/Ferric Citrate
259    IF0a+Sodium Succinate/Ferric Citrate
Name: Condition (Medium), dtype: object",E. coli,R1,26.75,31.7069,268.9584,287.0697,270.1121,283.8316,17.5162,15.0743,261.7904,251.7736,250.9786,270.3231,176.9314,266.1504,273.7571,269.2903,254.8673,265.8779,265.9809,263.8699,261.2468,292.2402,263.5633,257.7398,29.3142,274.271,264.2948,286.6664,287.5497,17.3992,298.0611,266.3065,281.8423,38.4528,270.4794,261.0313,41.4227,272.6607,272.6226,261.4431,262.5947,265.3067,256.4601,265.4572,257.1551,265.2751,260.1782,248.8359,37.804,261.5864,246.9098,256.0836,242.294,259.2861,29.3412,247.1357,38.4957,254.3385,253.0303,174.6775,31.2022,133.1863,243.7441,256.8333,252.979,251.2597,253.057,254.8614,247.3741,244.5808,227.6878,130.7727,264.3994,109.7634,150.2936,233.4701,246.1229,258.055,98.8043,231.3871,193.6534,219.287,205.2175,205.9773,90.2993,280.2444,206.9297,171.3186,146.5719,200.0014,261.0885,258.8761,135.8686,263.7238,274.359,250.2764,127.4611
F:\projects\DP_Clinical_strains\DP Clinical Isolates results-20220505T053100Z-001\ DP Clinical Isolates results\ELI 271 R1_E. coli_E.coli_IF 0a - Na-Succinate-Fe Citrate_4_37_SBR_709_4#12#2022_A_ 1A_0.OKA,4/12/2022 1:53:05 PM, 1-A,PM04A,ELI 271,"256    IF0a+Sodium Succinate/Ferric Citrate
257    IF0a+Sodium Succinate/Ferric Citrate
258    IF0a+Sodium Succinate/Ferric Citrate
259    IF0a+Sodium Succinate/Ferric Citrate
Name: Condition (Medium), dtype: object",E. coli,R1,27.0,31.3291,269.944,287.119,265.5053,285.642,16.4269,14.4786,259.9649,255.639,250.4532,269.7692,181.4279,266.8533,275.1815,267.7077,256.5583,266.2967,264.4756,264.2242,261.9983,289.5563,263.0544,259.638,29.9502,272.6616,260.7801,289.4879,289.1807,22.0612,299.5586,264.6809,284.1183,41.0192,270.8905,258.7494,38.5962,272.4205,270.8745,262.0749,263.7586,265.6155,258.6932,265.2083,262.7122,265.8678,261.7532,248.6774,37.6797,261.4769,249.548,251.6062,243.868,259.2284,31.3401,251.3999,40.0927,254.4321,257.9142,178.9792,31.4842,135.6902,242.9687,256.1739,257.1943,254.5584,254.53,254.8462,245.6341,245.3836,225.8711,133.1351,265.4516,114.5487,149.0826,234.7681,246.8649,257.7149,102.8269,229.7244,195.4998,220.3018,202.3556,205.3296,90.6694,280.4442,203.9486,167.1346,150.2715,196.731,262.343,259.7813,135.014,266.2847,271.0501,252.8036,126.6508
F:\projects\DP_Clinical_strains\DP Clinical Isolates results-20220505T053100Z-001\ DP Clinical Isolates results\ELI 271 R1_E. coli_E.coli_IF 0a - Na-Succinate-Fe Citrate_4_37_SBR_709_4#12#2022_A_ 1A_0.OKA,4/12/2022 1:53:05 PM, 1-A,PM04A,ELI 271,"256    IF0a+Sodium Succinate/Ferric Citrate
257    IF0a+Sodium Succinate/Ferric Citrate
258    IF0a+Sodium Succinate/Ferric Citrate
259    IF0a+Sodium Succinate/Ferric Citrate
Name: Condition (Medium), dtype: object",E. coli,R1,27.25,28.6909,270.8457,285.5064,268.0175,289.2225,18.2518,17.52,267.5878,256.9396,252.5297,268.5833,182.577,266.0622,274.5829,269.4806,257.2544,269.6348,260.8244,270.2729,258.4063,290.8597,265.5847,261.1085,31.3841,272.5698,262.161,291.1949,288.974,23.7812,301.3484,261.614,281.3036,39.5656,274.2207,259.9959,39.5123,271.5819,273.5864,264.3342,264.1698,264.5042,259.7552,266.6787,261.4766,264.0172,261.9075,249.7168,36.5296,263.4082,249.5763,254.5716,243.0011,260.0987,29.7942,249.2151,44.6593,255.2921,253.9118,180.8296,30.946,136.6055,245.1973,258.5688,252.3556,255.3804,253.1833,258.116,246.5102,247.5937,228.5396,132.5816,266.3036,114.2089,146.2688,236.8956,249.0039,257.8676,99.6424,227.1638,196.9115,217.0947,207.9669,207.9718,93.0519,278.6316,207.529,169.3949,149.8928,204.2475,259.6917,260.4138,135.5874,262.1923,270.7748,254.2752,122.854
F:\projects\DP_Clinical_strains\DP Clinical Isolates results-20220505T053100Z-001\ DP Clinical Isolates results\ELI 271 R1_E. coli_E.coli_IF 0a - Na-Succinate-Fe Citrate_4_37_SBR_709_4#12#2022_A_ 1A_0.OKA,4/12/2022 1:53:05 PM, 1-A,PM04A,ELI 271,"256    IF0a+Sodium Succinate/Ferric Citrate
257    IF0a+Sodium Succinate/Ferric Citrate
258    IF0a+Sodium Succinate/Ferric Citrate
259    IF0a+Sodium Succinate/Ferric Citrate
Name: Condition (Medium), dtype: object",E. coli,R1,27.5,26.0618,269.4468,287.8935,264.9874,284.4348,19.3717,13.9598,262.4785,252.2575,247.1646,270.9463,187.7805,264.3846,269.8452,269.4799,256.4269,267.1267,263.4395,269.4472,261.2613,288.3986,263.8564,261.5089,30.7333,268.9798,260.1489,286.6351,288.9138,20.7965,298.7614,262.0287,282.9887,34.4093,271.9421,260.9797,38.3674,268.7025,266.1159,264.4504,263.8064,265.6031,257.931,266.3489,259.6429,266.835,265.774,251.6194,35.8896,264.3228,249.0266,255.6913,246.531,259.2686,29.9769,250.4209,37.4281,257.0444,255.7813,180.7103,31.7011,133.1598,243.8698,257.0328,256.0276,254.7878,254.2394,255.8903,247.9236,246.0307,234.3374,136.7752,264.3106,114.0465,149.0266,232.9539,241.7934,260.0474,103.2134,236.0019,203.445,221.246,206.8283,205.8094,89.0167,281.5731,207.7364,169.2898,154.2535,198.0,261.5641,261.272,139.612,265.0782,273.7706,253.3947,132.8433
F:\projects\DP_Clinical_strains\DP Clinical Isolates results-20220505T053100Z-001\ DP Clinical Isolates results\ELI 271 R1_E. coli_E.coli_IF 0a - Na-Succinate-Fe Citrate_4_37_SBR_709_4#12#2022_A_ 1A_0.OKA,4/12/2022 1:53:05 PM, 1-A,PM04A,ELI 271,"256    IF0a+Sodium Succinate/Ferric Citrate
257    IF0a+Sodium Succinate/Ferric Citrate
258    IF0a+Sodium Succinate/Ferric Citrate
259    IF0a+Sodium Succinate/Ferric Citrate
Name: Condition (Medium), dtype: object",E. coli,R1,27.75,26.2199,267.4459,286.4532,268.7111,283.5485,17.9677,16.7814,263.325,254.388,246.6426,271.2079,183.3395,264.8255,271.0252,269.4876,257.174,267.21,261.9709,266.5435,262.794,290.5175,265.0864,260.8208,28.0847,272.0799,261.9551,288.7567,288.6937,21.2344,299.5535,265.943,283.7556,38.8719,267.2043,257.3242,36.547,267.9404,267.2633,261.7126,261.3561,265.9166,260.0007,265.4113,259.3447,264.849,263.5711,247.7121,36.232,262.7151,249.2957,252.2331,245.8483,258.3697,31.3419,254.2702,39.5358,257.6862,254.8729,182.8185,34.381,136.0802,243.9437,257.2314,260.5726,254.3916,249.9836,257.4348,247.3642,248.5788,231.6651,130.7917,262.696,115.3377,147.8539,236.0495,244.4439,257.5847,95.9549,231.0076,202.8418,220.8247,206.4287,202.0593,86.434,280.0063,208.6073,166.0792,152.1291,195.7675,261.0696,259.9889,139.3161,263.9894,270.061,253.7185,124.2754
F:\projects\DP_Clinical_strains\DP Clinical Isolates results-20220505T053100Z-001\ DP Clinical Isolates results\ELI 271 R1_E. coli_E.coli_IF 0a - Na-Succinate-Fe Citrate_4_37_SBR_709_4#12#2022_A_ 1A_0.OKA,4/12/2022 1:53:05 PM, 1-A,PM04A,ELI 271,"256    IF0a+Sodium Succinate/Ferric Citrate
257    IF0a+Sodium Succinate/Ferric Citrate
258    IF0a+Sodium Succinate/Ferric Citrate
259    IF0a+Sodium Succinate/Ferric Citrate
Name: Condition (Medium), dtype: object",E. coli,R1,28.0,26.7407,269.5824,286.9643,265.1571,283.9784,15.7394,13.5554,266.182,254.6018,245.964,267.3785,188.3364,266.0625,268.9906,270.0096,253.8571,267.8216,265.0578,269.5507,268.1022,282.5717,266.1703,260.8173,27.3047,267.782,261.8233,287.658,289.638,14.2966,299.3107,262.6502,285.2117,34.1973,270.9064,260.5315,38.2876,267.776,265.265,261.1744,265.6288,267.5729,258.8272,266.0063,259.7721,264.2461,269.648,251.1088,39.8942,265.9312,248.277,257.1867,245.8372,260.4893,29.1793,252.0895,36.5544,258.3397,261.4849,188.9626,35.1445,128.6832,243.8167,256.4959,260.2838,257.7498,252.4431,258.3117,245.069,252.342,230.5362,136.1518,265.1424,112.0775,154.8848,237.1345,245.3967,259.0718,99.1341,235.9332,207.7414,224.3641,206.1794,209.1068,88.9015,281.7863,203.6018,165.9957,147.5753,195.6734,265.2463,257.8319,147.9419,266.9892,273.1993,253.2208,128.4147
F:\projects\DP_Clinical_strains\DP Clinical Isolates results-20220505T053100Z-001\ DP Clinical Isolates results\ELI 271 R1_E. coli_E.coli_IF 0a - Na-Succinate-Fe Citrate_4_37_SBR_709_4#12#2022_A_ 1A_0.OKA,4/12/2022 1:53:05 PM, 1-A,PM04A,ELI 271,"256    IF0a+Sodium Succinate/Ferric Citrate
257    IF0a+Sodium Succinate/Ferric Citrate
258    IF0a+Sodium Succinate/Ferric Citrate
259    IF0a+Sodium Succinate/Ferric Citrate
Name: Condition (Medium), dtype: object",E. coli,R1,28.25,26.6175,269.3558,288.1169,263.9105,284.6083,19.6394,13.5256,264.1667,250.9575,246.3316,269.9576,187.13,265.103,273.9219,271.8123,253.5177,267.3421,262.5293,269.6636,264.0818,288.6696,262.8425,259.9956,30.7282,269.1952,260.8605,289.1376,288.3313,16.9181,297.5978,263.98,285.4511,37.3341,269.4089,259.7025,39.5249,267.9731,268.7008,261.8356,265.3756,264.1922,259.9937,265.8591,261.1548,266.1134,266.4324,251.7703,36.5591,265.0557,248.484,253.3177,245.8567,261.799,28.4425,252.0201,35.147,258.8381,258.1154,186.8326,36.9353,130.3348,242.8702,258.4548,260.9165,253.9065,253.4839,257.4588,248.4972,251.4139,233.1223,138.0151,269.1063,115.5072,149.5691,237.1893,246.8572,258.6773,102.1013,233.0,208.3398,226.3244,211.8639,209.6153,85.9468,283.6729,207.848,168.048,144.8653,193.1113,263.8683,258.6327,145.1782,267.4969,273.5598,252.6159,130.5585
F:\projects\DP_Clinical_strains\DP Clinical Isolates results-20220505T053100Z-001\ DP Clinical Isolates results\ELI 271 R1_E. coli_E.coli_IF 0a - Na-Succinate-Fe Citrate_4_37_SBR_709_4#12#2022_A_ 1A_0.OKA,4/12/2022 1:53:05 PM, 1-A,PM04A,ELI 271,"256    IF0a+Sodium Succinate/Ferric Citrate
257    IF0a+Sodium Succinate/Ferric Citrate
258    IF0a+Sodium Succinate/Ferric Citrate
259    IF0a+Sodium Succinate/Ferric Citrate
Name: Condition (Medium), dtype: object",E. coli,R1,28.5,25.568,267.2999,288.996,265.9436,282.7318,14.3125,13.894,263.3663,255.7642,248.0094,270.7395,192.6451,265.6437,274.5977,270.2818,256.8616,266.5069,265.7774,270.4069,263.9575,288.5684,263.8425,259.6974,25.721,270.3406,263.5492,289.4086,289.7594,21.0832,299.9925,263.2703,282.5743,32.3492,271.3986,258.6125,39.0925,266.6236,268.6774,262.8565,264.6162,267.1714,261.4498,267.3264,259.611,265.4437,266.7799,253.7476,35.9094,266.1063,249.0537,256.2726,244.3365,262.4865,26.1337,253.8935,38.7937,257.5594,257.5179,185.8153,32.5063,133.5742,244.5465,256.5409,259.6279,256.6242,256.0268,256.9071,248.1312,249.3497,233.8952,138.6477,262.6879,114.4209,148.0469,235.5454,243.8139,257.2214,97.0959,236.1161,208.159,223.5641,206.5322,206.4836,91.7909,278.7386,203.9696,168.8524,147.1731,191.8397,260.9713,261.2155,140.8901,267.9677,272.571,252.9828,129.8606
F:\projects\DP_Clinical_strains\DP Clinical Isolates results-20220505T053100Z-001\ DP Clinical Isolates results\ELI 271 R1_E. coli_E.coli_IF 0a - Na-Succinate-Fe Citrate_4_37_SBR_709_4#12#2022_A_ 1A_0.OKA,4/12/2022 1:53:05 PM, 1-A,PM04A,ELI 271,"256    IF0a+Sodium Succinate/Ferric Citrate
257    IF0a+Sodium Succinate/Ferric Citrate
258    IF0a+Sodium Succinate/Ferric Citrate
259    IF0a+Sodium Succinate/Ferric Citrate
Name: Condition (Medium), dtype: object",E. coli,R1,28.75,27.2304,267.0683,286.0638,264.737,285.8303,17.7231,14.802,265.0151,253.7246,243.3534,270.2534,193.964,262.5562,268.5281,271.4509,255.6611,269.4351,265.2537,270.4453,265.0967,289.2652,267.9386,259.6579,30.4296,271.6875,264.5455,289.0333,293.0114,17.4726,299.1249,267.9974,284.7155,38.0177,272.1746,262.1549,40.1168,268.1584,269.2599,264.8799,264.3991,269.4659,262.4534,267.2987,261.8047,269.2524,267.5037,252.1578,38.9005,265.9441,248.3451,251.3891,247.2917,260.5188,25.7687,254.2404,38.9957,260.3525,260.071,186.8164,31.8103,131.4089,242.5372,259.6942,263.3819,258.3514,255.9711,259.7594,250.6522,249.2224,235.7447,136.0868,265.7909,112.46,151.7716,238.6279,244.0874,257.4203,99.0193,235.2574,209.0769,227.3915,206.1369,208.8662,92.1852,283.3264,212.4938,170.309,147.5392,193.2372,262.2667,258.8814,143.3107,266.8594,272.9926,256.6747,130.7675
F:\projects\DP_Clinical_strains\DP Clinical Isolates results-20220505T053100Z-001\ DP Clinical Isolates results\ELI 271 R1_E. coli_E.coli_IF 0a - Na-Succinate-Fe Citrate_4_37_SBR_709_4#12#2022_A_ 1A_0.OKA,4/12/2022 1:53:05 PM, 1-A,PM04A,ELI 271,"256    IF0a+Sodium Succinate/Ferric Citrate
257    IF0a+Sodium Succinate/Ferric Citrate
258    IF0a+Sodium Succinate/Ferric Citrate
259    IF0a+Sodium Succinate/Ferric Citrate
Name: Condition (Medium), dtype: object",E. coli,R1,29.0,25.7709,269.0709,287.2812,265.8745,284.9903,16.8979,15.2195,265.2433,254.9844,248.926,271.9294,199.7495,265.107,270.1349,271.4958,260.2914,269.4719,264.5685,268.2729,265.4716,290.9693,262.8074,263.4415,31.013,271.0273,260.6791,290.9083,291.3815,20.6348,300.7499,264.3494,284.4922,34.8096,270.2617,261.2854,38.802,268.3751,268.2631,262.9872,264.3074,269.9999,257.5063,269.7053,261.4772,263.8012,270.5381,252.2033,41.6345,266.6558,249.8101,255.3274,247.2493,259.1874,29.5774,255.8177,35.4522,258.6163,259.3002,187.6439,34.3702,132.5532,244.7103,256.5856,261.4608,255.8506,253.1743,259.6515,250.9929,248.7333,232.4811,139.2109,266.7351,115.054,150.4715,236.912,246.5788,257.5576,99.2227,232.5591,208.2536,228.4782,208.7838,205.6632,88.1143,280.0023,207.0933,171.5366,149.6839,194.5887,263.9143,261.5604,145.0812,265.8309,273.1375,254.5335,130.0529
F:\projects\DP_Clinical_strains\DP Clinical Isolates results-20220505T053100Z-001\ DP Clinical Isolates results\ELI 271 R1_E. coli_E.coli_IF 0a - Na-Succinate-Fe Citrate_4_37_SBR_709_4#12#2022_A_ 1A_0.OKA,4/12/2022 1:53:05 PM, 1-A,PM04A,ELI 271,"256    IF0a+Sodium Succinate/Ferric Citrate
257    IF0a+Sodium Succinate/Ferric Citrate
258    IF0a+Sodium Succinate/Ferric Citrate
259    IF0a+Sodium Succinate/Ferric Citrate
Name: Condition (Medium), dtype: object",E. coli,R1,29.25,29.6015,269.2427,285.6898,262.7673,284.6979,15.3407,11.9494,266.9113,254.6431,246.5636,269.4531,198.8851,265.7308,271.1504,268.4332,256.2754,266.955,262.7261,265.2904,264.2775,291.6952,263.886,259.8148,27.9189,271.784,262.6687,291.0225,292.0051,19.9152,298.5539,264.6151,284.7114,34.3942,271.7947,260.0077,35.0583,268.9711,268.7488,262.6554,265.4444,269.0563,261.3014,269.6335,259.7268,265.8498,268.1182,251.5257,36.3529,263.3457,248.4737,252.9169,243.0509,262.2375,30.4018,254.8931,34.8149,257.3927,256.0004,184.7686,29.7449,127.9827,240.7107,257.9662,262.7332,256.1082,253.6748,255.0809,249.7221,249.2485,232.8528,137.4602,263.1068,111.3029,149.2558,237.1032,243.1726,259.3571,101.2167,233.5899,205.0579,228.3984,206.4981,206.841,84.619,283.3156,203.3221,167.8574,151.4271,195.7213,260.2006,261.3119,141.553,266.1162,273.1495,252.2451,126.9411
F:\projects\DP_Clinical_strains\DP Clinical Isolates results-20220505T053100Z-001\ DP Clinical Isolates results\ELI 271 R1_E. coli_E.coli_IF 0a - Na-Succinate-Fe Citrate_4_37_SBR_709_4#12#2022_A_ 1A_0.OKA,4/12/2022 1:53:05 PM, 1-A,PM04A,ELI 271,"256    IF0a+Sodium Succinate/Ferric Citrate
257    IF0a+Sodium Succinate/Ferric Citrate
258    IF0a+Sodium Succinate/Ferric Citrate
259    IF0a+Sodium Succinate/Ferric Citrate
Name: Condition (Medium), dtype: object",E. coli,R1,29.5,24.3481,268.4854,285.5186,264.4911,284.959,17.3999,11.0,267.2786,253.975,249.9752,268.3922,202.4087,265.4984,271.4309,270.4864,261.3501,271.5138,263.3488,268.4964,265.0904,291.6301,265.3446,261.127,26.3518,269.9721,262.6439,290.0112,291.383,16.959,300.7684,263.9716,283.688,39.3961,273.7821,260.222,35.0543,269.3327,274.3893,263.2741,264.1522,267.1316,261.8176,268.1697,257.2017,266.025,268.1315,252.0438,32.7595,264.1326,246.6705,256.9721,246.7708,259.1752,25.8457,256.6977,39.7452,257.0361,258.1893,186.6466,29.3841,132.0024,243.2208,261.3073,261.622,258.5628,253.3325,258.7971,247.1639,248.3213,233.4929,133.6613,263.8821,110.458,149.5282,238.4639,247.208,258.3885,96.9467,235.1308,204.1673,225.0338,206.7063,206.9792,88.1646,280.8443,205.0731,162.3967,146.0601,193.6431,263.0356,260.6977,139.8538,264.1598,273.4731,254.3321,127.0262
F:\projects\DP_Clinical_strains\DP Clinical Isolates results-20220505T053100Z-001\ DP Clinical Isolates results\ELI 271 R1_E. coli_E.coli_IF 0a - Na-Succinate-Fe Citrate_4_37_SBR_709_4#12#2022_A_ 1A_0.OKA,4/12/2022 1:53:05 PM, 1-A,PM04A,ELI 271,"256    IF0a+Sodium Succinate/Ferric Citrate
257    IF0a+Sodium Succinate/Ferric Citrate
258    IF0a+Sodium Succinate/Ferric Citrate
259    IF0a+Sodium Succinate/Ferric Citrate
Name: Condition (Medium), dtype: object",E. coli,R1,29.75,24.6224,268.507,292.0804,264.7107,283.2924,14.5812,15.0765,263.6079,252.7577,244.9604,267.2615,202.9177,268.1272,271.1899,271.468,259.3449,271.0264,262.072,268.1039,262.415,291.2267,264.4741,259.0259,28.4897,270.3876,263.9724,289.0289,291.3024,19.1502,299.0891,264.6295,286.0258,33.7623,268.0503,258.0085,36.4436,267.9963,270.5435,262.3299,262.6212,268.5,261.6226,266.6511,263.0873,267.4322,268.7237,253.462,33.8992,262.9178,247.6098,254.8739,244.4265,261.2304,23.0521,257.0443,33.1107,253.6233,257.486,185.3719,28.8643,130.8997,243.4234,256.4164,262.6763,258.0639,253.175,258.5868,249.9414,249.334,232.8115,134.2194,264.1416,108.6407,145.9636,239.1773,244.6166,256.9616,99.3476,233.9328,206.3876,225.5529,204.3023,204.8465,88.4074,281.2327,206.6975,165.2734,148.0927,190.5158,261.8552,258.0132,145.0828,264.3585,271.872,252.5039,132.1271
F:\projects\DP_Clinical_strains\DP Clinical Isolates results-20220505T053100Z-001\ DP Clinical Isolates results\ELI 271 R1_E. coli_E.coli_IF 0a - Na-Succinate-Fe Citrate_4_37_SBR_709_4#12#2022_A_ 1A_0.OKA,4/12/2022 1:53:05 PM, 1-A,PM04A,ELI 271,"256    IF0a+Sodium Succinate/Ferric Citrate
257    IF0a+Sodium Succinate/Ferric Citrate
258    IF0a+Sodium Succinate/Ferric Citrate
259    IF0a+Sodium Succinate/Ferric Citrate
Name: Condition (Medium), dtype: object",E. coli,R1,30.0,21.3541,268.818,285.5669,264.9893,285.8013,14.4561,11.7957,264.8656,253.0601,248.8391,267.1207,206.5098,266.2448,272.2394,268.1137,256.4024,270.9744,264.7342,268.0948,267.4666,286.9904,262.4615,261.1475,26.249,270.5042,260.7413,290.5538,291.2531,19.0158,301.1604,265.9361,286.8986,35.0512,271.4624,262.162,34.9979,271.5471,270.0286,265.7238,262.8234,266.6743,262.2108,268.0511,262.1918,264.973,267.0202,252.6437,31.479,265.3329,251.2819,255.0244,247.7843,261.358,23.5425,257.4155,36.534,254.6729,258.6345,183.4693,29.1672,128.6918,244.8718,255.3718,267.1148,259.5667,252.7316,261.8858,251.133,249.7091,236.35,131.8503,262.4406,109.9303,148.5939,236.7366,245.9973,256.3595,95.5609,235.0991,205.4579,227.5491,204.2467,208.284,85.1931,280.7917,203.2938,168.6741,149.8972,194.597,264.6144,258.2911,147.7683,261.0325,270.9025,254.73,130.8504
F:\projects\DP_Clinical_strains\DP Clinical Isolates results-20220505T053100Z-001\ DP Clinical Isolates results\ELI 271 R1_E. coli_E.coli_IF 0a - Na-Succinate-Fe Citrate_4_37_SBR_709_4#12#2022_A_ 1A_0.OKA,4/12/2022 1:53:05 PM, 1-A,PM04A,ELI 271,"256    IF0a+Sodium Succinate/Ferric Citrate
257    IF0a+Sodium Succinate/Ferric Citrate
258    IF0a+Sodium Succinate/Ferric Citrate
259    IF0a+Sodium Succinate/Ferric Citrate
Name: Condition (Medium), dtype: object",E. coli,R1,30.25,24.6952,267.8298,286.8276,265.5299,284.9646,16.7216,12.0178,266.4399,253.481,246.5203,270.0253,206.2935,266.1,270.8885,270.321,257.0461,270.5766,263.071,270.3825,268.5899,289.0356,262.8987,258.8279,29.8037,273.372,261.5806,293.9582,291.848,20.1706,301.1579,264.5714,288.1236,36.6417,269.0675,261.5263,36.5648,271.5694,273.4848,264.3907,265.5988,266.8423,260.9503,268.8897,261.5651,265.6795,269.1047,255.1671,32.2761,264.478,248.8504,253.2544,247.3735,261.0947,28.578,260.0276,37.6314,260.5198,259.3322,185.7634,31.3441,132.4727,244.9238,257.0843,264.2113,257.9971,256.4369,258.842,251.6615,250.1821,235.806,132.8001,264.4185,112.82,146.9987,239.2317,246.3841,259.2346,99.0567,236.5502,209.1447,227.6905,207.7993,207.7508,85.9679,278.9514,209.4835,165.06,148.1602,193.331,258.0366,259.0759,141.9477,264.2012,273.8346,254.3702,125.5573
F:\projects\DP_Clinical_strains\DP Clinical Isolates results-20220505T053100Z-001\ DP Clinical Isolates results\ELI 271 R1_E. coli_E.coli_IF 0a - Na-Succinate-Fe Citrate_4_37_SBR_709_4#12#2022_A_ 1A_0.OKA,4/12/2022 1:53:05 PM, 1-A,PM04A,ELI 271,"256    IF0a+Sodium Succinate/Ferric Citrate
257    IF0a+Sodium Succinate/Ferric Citrate
258    IF0a+Sodium Succinate/Ferric Citrate
259    IF0a+Sodium Succinate/Ferric Citrate
Name: Condition (Medium), dtype: object",E. coli,R1,30.5,25.0247,267.9695,287.777,264.7806,283.6234,14.8069,11.0,264.2631,252.0791,245.8735,270.3663,210.0062,260.3534,267.2225,272.7169,259.8336,271.5397,263.3757,269.2209,264.6931,291.8625,265.0703,259.4654,26.0679,272.0978,264.2037,291.8284,293.7974,20.618,299.2466,266.9184,284.0734,37.0607,271.3311,260.563,38.2318,269.3186,271.9092,261.0683,265.7568,270.7542,262.2836,267.8825,262.0736,265.1082,270.051,254.4598,34.2515,264.0142,248.2988,257.4056,246.2007,261.4942,26.2078,257.2935,34.6181,260.7152,258.2131,187.3234,33.2453,128.2694,244.9827,254.0561,265.316,257.9607,252.269,260.0773,249.2897,250.7355,236.1683,131.4591,261.236,107.6526,148.3292,236.0077,247.8049,260.1543,96.9843,237.5807,204.9967,224.4435,207.4984,208.7719,86.8031,280.4772,206.5903,167.2937,147.2615,191.42,260.6274,257.9261,139.2126,262.8807,271.353,254.1086,131.3607
F:\projects\DP_Clinical_strains\DP Clinical Isolates results-20220505T053100Z-001\ DP Clinical Isolates results\ELI 271 R1_E. coli_E.coli_IF 0a - Na-Succinate-Fe Citrate_4_37_SBR_709_4#12#2022_A_ 1A_0.OKA,4/12/2022 1:53:05 PM, 1-A,PM04A,ELI 271,"256    IF0a+Sodium Succinate/Ferric Citrate
257    IF0a+Sodium Succinate/Ferric Citrate
258    IF0a+Sodium Succinate/Ferric Citrate
259    IF0a+Sodium Succinate/Ferric Citrate
Name: Condition (Medium), dtype: object",E. coli,R1,30.75,22.3018,269.7093,287.3061,266.7331,286.3191,13.3408,12.4917,264.3751,256.4279,251.2325,268.6888,215.017,266.9602,273.0362,272.5979,257.148,271.4302,267.7217,268.087,266.2505,287.8514,267.5383,262.6414,26.5941,268.825,258.6431,292.3455,294.0175,18.5656,302.9936,266.5728,287.6274,36.8698,273.1445,261.2538,35.7317,267.0641,275.7578,262.309,264.774,270.6671,263.5453,270.6517,262.279,267.2039,269.1152,253.8663,34.1706,266.4129,251.0846,256.287,249.3778,262.3227,22.3727,259.0063,38.6784,256.1476,259.2969,190.6272,29.6074,129.5794,243.8137,257.403,266.4369,260.8597,254.4769,260.7502,252.6231,251.364,237.0577,135.3206,262.9034,112.7955,147.7718,238.7524,246.968,261.024,99.3631,239.3745,204.0915,226.061,207.2012,209.1855,85.7483,280.8337,208.3423,171.5731,150.0508,194.4164,263.7158,261.701,141.9785,264.659,271.9528,254.6667,131.2486
F:\projects\DP_Clinical_strains\DP Clinical Isolates results-20220505T053100Z-001\ DP Clinical Isolates results\ELI 271 R1_E. coli_E.coli_IF 0a - Na-Succinate-Fe Citrate_4_37_SBR_709_4#12#2022_A_ 1A_0.OKA,4/12/2022 1:53:05 PM, 1-A,PM04A,ELI 271,"256    IF0a+Sodium Succinate/Ferric Citrate
257    IF0a+Sodium Succinate/Ferric Citrate
258    IF0a+Sodium Succinate/Ferric Citrate
259    IF0a+Sodium Succinate/Ferric Citrate
Name: Condition (Medium), dtype: object",E. coli,R1,31.0,23.8218,271.7366,283.8411,266.6469,287.076,13.2211,11.0,265.0143,253.3156,247.2349,271.0505,211.9158,266.2555,272.2816,274.0316,258.9917,272.5728,265.1837,269.5491,266.1566,289.5894,265.9747,263.1479,33.4834,272.6418,263.235,294.105,291.5782,20.868,302.9268,266.7149,285.1824,37.8781,272.9515,262.3333,34.2099,268.855,276.5729,264.3251,264.4164,270.7756,265.408,266.1333,261.083,269.1639,270.3302,255.1476,35.538,266.1306,251.5354,256.3808,247.8905,262.673,26.1269,262.6183,37.1984,258.8351,261.0205,186.8284,30.8446,130.382,244.5228,258.4917,264.8351,259.579,255.5694,258.053,252.9884,251.5542,233.7354,132.1633,264.2395,108.9235,150.2758,240.9969,246.949,256.3255,99.4133,235.8221,208.8074,227.8094,207.042,208.0142,88.0188,283.0203,207.7872,164.6368,147.5167,190.9279,260.8737,259.5604,143.9114,266.7852,273.9879,255.75,130.3557
F:\projects\DP_Clinical_strains\DP Clinical Isolates results-20220505T053100Z-001\ DP Clinical Isolates results\ELI 271 R1_E. coli_E.coli_IF 0a - Na-Succinate-Fe Citrate_4_37_SBR_709_4#12#2022_A_ 1A_0.OKA,4/12/2022 1:53:05 PM, 1-A,PM04A,ELI 271,"256    IF0a+Sodium Succinate/Ferric Citrate
257    IF0a+Sodium Succinate/Ferric Citrate
258    IF0a+Sodium Succinate/Ferric Citrate
259    IF0a+Sodium Succinate/Ferric Citrate
Name: Condition (Medium), dtype: object",E. coli,R1,31.25,25.0475,268.1261,286.2431,268.5022,287.5145,20.3473,13.7938,264.6397,256.2799,247.3739,271.9084,212.9493,266.0062,275.2971,272.8089,262.9149,273.453,266.0578,271.6591,269.7839,290.3047,268.7218,263.9725,30.8109,272.1798,262.5209,292.4202,294.4901,20.7397,301.7381,267.0034,288.178,39.8258,273.4822,262.838,38.2657,269.5717,276.3155,265.3793,266.3127,270.6154,265.6383,270.9021,262.3296,267.3343,268.7039,254.1874,36.3125,265.2682,252.5887,257.3185,250.3704,262.1737,26.1988,259.5373,37.7612,260.1412,257.2626,185.5451,31.4706,136.6075,244.4861,260.7934,268.0171,261.0055,251.6847,260.7324,251.8143,251.1599,237.8802,132.5763,266.24,108.7167,147.0364,238.7192,247.8788,266.2372,95.6907,235.8879,206.0909,227.0276,208.7513,208.0962,85.5997,280.2442,209.2091,170.6127,148.8609,193.0486,261.0229,263.2007,147.6025,266.4724,272.3629,253.2788,128.2336
F:\projects\DP_Clinical_strains\DP Clinical Isolates results-20220505T053100Z-001\ DP Clinical Isolates results\ELI 271 R1_E. coli_E.coli_IF 0a - Na-Succinate-Fe Citrate_4_37_SBR_709_4#12#2022_A_ 1A_0.OKA,4/12/2022 1:53:05 PM, 1-A,PM04A,ELI 271,"256    IF0a+Sodium Succinate/Ferric Citrate
257    IF0a+Sodium Succinate/Ferric Citrate
258    IF0a+Sodium Succinate/Ferric Citrate
259    IF0a+Sodium Succinate/Ferric Citrate
Name: Condition (Medium), dtype: object",E. coli,R1,31.5,21.6354,269.1409,288.4012,264.794,284.8882,17.1798,11.0,270.2419,254.2156,248.7604,268.8785,216.8041,266.0751,272.2304,272.6076,259.2384,273.6725,265.3779,271.373,269.6833,290.5671,267.7065,263.592,27.5278,272.0719,264.979,291.5361,293.8601,23.2636,304.3364,267.9908,287.4469,38.1243,273.2207,262.9928,38.1159,270.4058,276.581,265.6934,269.5483,267.7889,263.0975,269.733,263.9081,270.7465,272.9511,255.6902,36.123,264.0363,251.7908,259.0469,251.6299,261.2665,25.8259,263.918,36.8091,260.8142,260.8526,188.5831,29.6202,129.4487,244.7278,259.9402,267.1746,259.6572,254.3968,260.9981,254.8732,254.3857,237.4659,134.9088,266.0317,109.5133,150.2314,240.3599,246.0511,261.9979,96.1351,241.3145,214.0124,230.6388,206.7836,208.3378,92.3435,280.3805,210.5468,170.412,142.773,192.0197,265.6926,262.5154,149.0709,268.3757,271.6873,257.3311,130.6213
F:\projects\DP_Clinical_strains\DP Clinical Isolates results-20220505T053100Z-001\ DP Clinical Isolates results\ELI 271 R1_E. coli_E.coli_IF 0a - Na-Succinate-Fe Citrate_4_37_SBR_709_4#12#2022_A_ 1A_0.OKA,4/12/2022 1:53:05 PM, 1-A,PM04A,ELI 271,"256    IF0a+Sodium Succinate/Ferric Citrate
257    IF0a+Sodium Succinate/Ferric Citrate
258    IF0a+Sodium Succinate/Ferric Citrate
259    IF0a+Sodium Succinate/Ferric Citrate
Name: Condition (Medium), dtype: object",E. coli,R1,31.75,23.7337,269.2507,286.4854,265.2464,287.2964,14.6061,11.0,265.2041,250.8632,245.7952,268.9765,221.3149,266.0625,271.5244,272.4626,261.7245,275.0664,265.6209,272.0244,267.2037,290.8076,268.8464,264.2682,26.1698,269.1419,262.9077,293.991,293.1801,25.4718,301.4883,268.8716,288.3152,36.6422,276.5736,262.5684,38.1617,270.1913,275.1002,263.8291,266.1024,272.076,262.4895,269.8021,264.5005,270.2157,270.3909,253.5516,32.4135,264.6058,251.7311,259.015,248.1515,259.4213,22.5426,262.4825,35.5144,260.7626,260.6087,189.5152,30.5806,131.1908,245.4422,258.445,269.4932,262.1024,255.1292,259.4058,252.264,253.1893,238.3359,134.7298,267.0398,108.9461,151.3283,237.4955,245.1407,260.3129,97.3787,235.7755,209.233,226.2098,207.8638,207.7514,83.4322,277.8173,206.8528,164.7662,144.5396,191.3557,261.6984,262.0438,140.4339,265.2985,274.9786,258.4721,128.7478
F:\projects\DP_Clinical_strains\DP Clinical Isolates results-20220505T053100Z-001\ DP Clinical Isolates results\ELI 271 R1_E. coli_E.coli_IF 0a - Na-Succinate-Fe Citrate_4_37_SBR_709_4#12#2022_A_ 1A_0.OKA,4/12/2022 1:53:05 PM, 1-A,PM04A,ELI 271,"256    IF0a+Sodium Succinate/Ferric Citrate
257    IF0a+Sodium Succinate/Ferric Citrate
258    IF0a+Sodium Succinate/Ferric Citrate
259    IF0a+Sodium Succinate/Ferric Citrate
Name: Condition (Medium), dtype: object",E. coli,R1,32.0,24.103,270.4172,289.4526,264.1748,289.2197,16.357,11.9213,267.7213,251.5895,248.1227,272.6654,222.9483,267.1275,271.141,275.4884,257.9812,272.8387,267.3803,271.6671,271.1576,291.2246,268.3267,262.6732,28.4993,270.717,264.4874,293.5227,292.2101,27.4624,303.7365,266.8104,286.0405,37.0532,272.5991,263.3838,37.5143,270.4031,277.1646,266.2445,266.0641,269.3668,265.4807,271.8728,264.3059,269.5103,273.1613,259.2701,34.2573,265.9434,250.8499,255.3828,252.0045,261.2034,23.2882,265.5419,36.0949,262.75,261.0547,190.1294,32.8808,129.405,245.156,261.8711,271.2795,259.841,255.3661,261.7465,253.2046,254.808,237.3265,135.4719,268.6486,112.0339,147.9178,239.8411,244.942,258.5341,98.3292,236.9502,214.364,231.0151,209.1887,206.4915,85.3339,281.0379,206.8202,170.4412,147.5718,191.1477,264.8041,263.4232,147.9624,267.8561,272.1347,259.2622,128.7481
F:\projects\DP_Clinical_strains\DP Clinical Isolates results-20220505T053100Z-001\ DP Clinical Isolates results\ELI 271 R1_E. coli_E.coli_IF 0a - Na-Succinate-Fe Citrate_4_37_SBR_709_4#12#2022_A_ 1A_0.OKA,4/12/2022 1:53:05 PM, 1-A,PM04A,ELI 271,"256    IF0a+Sodium Succinate/Ferric Citrate
257    IF0a+Sodium Succinate/Ferric Citrate
258    IF0a+Sodium Succinate/Ferric Citrate
259    IF0a+Sodium Succinate/Ferric Citrate
Name: Condition (Medium), dtype: object",E. coli,R1,32.25,20.8116,271.1729,286.9182,262.7182,288.7797,14.4021,11.0,263.9432,253.8707,246.3861,266.8024,220.7796,266.7668,274.9742,272.6196,259.9166,274.392,268.1027,268.9673,270.3448,288.8919,266.1008,262.0254,27.597,272.6489,263.0007,297.7317,295.9922,29.3652,305.0469,265.1654,288.5274,40.5091,272.5215,262.024,36.7892,269.8883,279.4329,263.6783,268.9304,270.4808,268.6555,271.3141,261.6014,271.5659,271.1354,258.2164,35.9928,266.2379,250.6277,259.6038,252.0957,264.4482,20.9892,263.6958,33.3486,262.3518,260.8384,190.5319,25.9726,131.0737,243.4713,258.9691,267.8223,259.8925,255.9408,264.0657,252.7776,255.6292,237.0408,133.6241,266.4997,110.2991,149.8705,240.7971,244.9253,259.8059,97.7334,236.5254,214.9281,231.972,209.5719,206.9369,86.658,279.6137,209.8619,166.8169,148.7212,192.882,262.3979,262.1586,144.4367,266.9733,272.5385,259.1707,129.3374
F:\projects\DP_Clinical_strains\DP Clinical Isolates results-20220505T053100Z-001\ DP Clinical Isolates results\ELI 271 R1_E. coli_E.coli_IF 0a - Na-Succinate-Fe Citrate_4_37_SBR_709_4#12#2022_A_ 1A_0.OKA,4/12/2022 1:53:05 PM, 1-A,PM04A,ELI 271,"256    IF0a+Sodium Succinate/Ferric Citrate
257    IF0a+Sodium Succinate/Ferric Citrate
258    IF0a+Sodium Succinate/Ferric Citrate
259    IF0a+Sodium Succinate/Ferric Citrate
Name: Condition (Medium), dtype: object",E. coli,R1,32.5,25.81,272.558,291.457,269.1027,290.2346,19.7239,14.0889,268.2327,256.6605,249.4803,271.0206,227.9668,267.0489,272.9846,278.3966,261.2774,275.933,268.7759,273.3697,270.6233,293.0355,271.2118,264.75,31.2949,274.0952,264.7552,299.7033,297.4322,30.4767,303.4738,266.9359,291.7099,37.0752,273.917,266.8693,34.9332,271.1996,280.513,267.2316,270.5243,272.4667,268.2542,271.448,265.7182,271.1505,273.4812,259.7969,38.6393,268.032,251.9371,262.2055,251.4247,268.0704,26.8594,265.4798,35.8279,265.0137,261.7475,194.5565,33.4327,135.3887,247.977,264.5536,274.8152,263.0115,258.2996,262.7347,254.0735,254.3874,243.7464,135.8545,266.5434,116.4563,152.439,244.0969,251.7045,265.5364,98.0079,238.7549,215.7896,232.4329,213.6403,215.539,90.4551,284.9192,210.4791,170.8874,151.5382,194.1055,266.9446,263.3225,153.3141,269.9976,274.2986,259.752,132.4929
F:\projects\DP_Clinical_strains\DP Clinical Isolates results-20220505T053100Z-001\ DP Clinical Isolates results\ELI 271 R1_E. coli_E.coli_IF 0a - Na-Succinate-Fe Citrate_4_37_SBR_709_4#12#2022_A_ 1A_0.OKA,4/12/2022 1:53:05 PM, 1-A,PM04A,ELI 271,"256    IF0a+Sodium Succinate/Ferric Citrate
257    IF0a+Sodium Succinate/Ferric Citrate
258    IF0a+Sodium Succinate/Ferric Citrate
259    IF0a+Sodium Succinate/Ferric Citrate
Name: Condition (Medium), dtype: object",E. coli,R1,32.75,26.042,269.5332,288.636,267.2473,291.9268,15.4153,18.7525,267.9526,255.4676,250.4617,270.7985,226.9661,265.3862,274.8752,278.7704,262.1618,280.4663,270.8037,274.1451,271.9146,292.9229,270.3708,266.6132,31.0985,271.8874,265.7701,295.0319,300.1973,29.0851,305.7213,270.3736,293.5732,42.1694,276.4905,265.7166,41.0871,272.827,281.5767,268.204,270.8456,270.2349,267.0498,273.0298,265.3221,270.1022,274.5231,260.0855,39.0331,268.0007,253.9893,258.1075,253.4067,264.8739,28.3252,264.6787,35.4275,264.7864,265.073,195.1405,30.8089,133.8755,245.6887,261.9954,277.2,265.6004,261.2315,264.5566,256.3403,255.2209,240.4623,137.9411,269.4053,112.428,151.3314,242.951,246.134,263.7734,98.2949,239.5216,215.5388,235.0567,213.786,213.3514,92.0241,283.2528,212.4342,166.5659,147.514,195.0628,264.7062,265.3281,150.2586,270.0133,274.6147,258.1723,132.6577
F:\projects\DP_Clinical_strains\DP Clinical Isolates results-20220505T053100Z-001\ DP Clinical Isolates results\ELI 271 R1_E. coli_E.coli_IF 0a - Na-Succinate-Fe Citrate_4_37_SBR_709_4#12#2022_A_ 1A_0.OKA,4/12/2022 1:53:05 PM, 1-A,PM04A,ELI 271,"256    IF0a+Sodium Succinate/Ferric Citrate
257    IF0a+Sodium Succinate/Ferric Citrate
258    IF0a+Sodium Succinate/Ferric Citrate
259    IF0a+Sodium Succinate/Ferric Citrate
Name: Condition (Medium), dtype: object",E. coli,R1,33.0,24.075,273.3943,290.9652,270.585,292.4176,20.7925,11.382,269.6574,257.2856,248.0491,271.8997,229.9153,267.9593,273.7375,276.9068,262.6496,277.9946,268.9128,271.5488,270.0426,295.3745,267.8838,263.417,29.0648,274.9887,266.0511,297.0822,297.2742,30.3519,307.4204,270.9502,290.9285,41.0104,275.7339,265.5439,36.0893,272.2822,284.0704,266.2129,270.8925,272.5804,268.2749,274.5866,265.3438,267.4742,274.8916,259.8153,35.5789,264.9367,256.3027,259.5307,248.9666,263.7445,27.7234,266.9453,40.5562,260.6676,260.9342,191.4911,33.8289,132.2289,246.5353,261.5569,275.7115,261.427,257.2441,262.1814,257.2773,255.0363,237.0182,137.0848,266.7914,110.9221,151.5302,240.3527,249.4461,261.1706,98.5086,243.2042,214.0772,235.2445,212.3515,213.1456,87.1747,283.7417,212.8644,170.0612,148.9328,196.4608,261.3335,262.6886,145.7529,266.2141,271.1491,261.0438,132.4834
F:\projects\DP_Clinical_strains\DP Clinical Isolates results-20220505T053100Z-001\ DP Clinical Isolates results\ELI 271 R1_E. coli_E.coli_IF 0a - Na-Succinate-Fe Citrate_4_37_SBR_709_4#12#2022_A_ 1A_0.OKA,4/12/2022 1:53:05 PM, 1-A,PM04A,ELI 271,"256    IF0a+Sodium Succinate/Ferric Citrate
257    IF0a+Sodium Succinate/Ferric Citrate
258    IF0a+Sodium Succinate/Ferric Citrate
259    IF0a+Sodium Succinate/Ferric Citrate
Name: Condition (Medium), dtype: object",E. coli,R1,33.25,27.0641,274.8911,291.1873,268.7452,292.2911,16.5407,13.9472,267.0813,255.4702,250.267,271.5212,234.1235,268.4573,275.8464,275.0331,264.5872,279.658,271.348,272.8553,275.2731,295.8411,266.5368,267.0505,31.6546,274.6902,264.6002,297.6511,295.6284,35.0177,308.0111,271.1588,293.5745,40.7952,278.2771,266.1439,36.1414,273.361,283.507,267.4389,268.2814,273.2817,268.8592,273.5798,266.7092,271.0798,269.6691,258.1402,37.8476,267.9442,252.9913,264.2034,251.5359,264.8225,31.2589,266.8329,38.3187,260.7184,263.3517,189.4293,33.802,133.1443,250.2416,261.382,272.8003,263.5123,260.4809,261.7458,254.8107,254.568,238.7886,136.7152,265.8919,113.0707,149.7211,242.1992,246.3303,259.0663,99.6181,238.6659,210.8376,233.6372,208.4623,208.133,89.2305,284.8178,207.5842,170.8938,150.2913,197.3765,261.6269,265.4833,145.8496,269.8961,274.1806,254.1224,127.7812
F:\projects\DP_Clinical_strains\DP Clinical Isolates results-20220505T053100Z-001\ DP Clinical Isolates results\ELI 271 R1_E. coli_E.coli_IF 0a - Na-Succinate-Fe Citrate_4_37_SBR_709_4#12#2022_A_ 1A_0.OKA,4/12/2022 1:53:05 PM, 1-A,PM04A,ELI 271,"256    IF0a+Sodium Succinate/Ferric Citrate
257    IF0a+Sodium Succinate/Ferric Citrate
258    IF0a+Sodium Succinate/Ferric Citrate
259    IF0a+Sodium Succinate/Ferric Citrate
Name: Condition (Medium), dtype: object",E. coli,R1,33.5,28.0445,272.451,289.9131,268.5044,291.8991,16.6774,15.2522,269.3635,259.3371,253.0975,270.5444,236.4933,267.731,273.5583,279.2096,262.1136,280.5239,269.1962,273.0509,274.019,295.2096,269.6751,263.8742,28.0825,274.322,267.4337,298.367,300.8587,35.0285,308.44,269.7818,293.1201,37.4557,274.9151,265.2863,37.6302,270.4339,284.8334,267.763,267.6654,271.674,268.8023,273.4385,264.4693,269.7216,274.9283,262.7699,40.2808,267.312,254.8703,261.8125,254.6175,265.4689,28.1992,268.3103,35.5907,266.0063,262.5737,192.445,29.7745,130.8103,247.7712,263.1059,272.9766,264.4167,258.8844,262.7364,255.153,253.5675,240.2103,135.6352,265.0888,113.9577,154.2846,244.1075,248.7388,262.5768,98.3597,243.7435,215.8301,233.2289,212.6603,210.6043,85.3104,284.2256,210.9363,174.2487,152.8142,196.817,263.7168,263.3965,150.4031,268.2334,272.228,258.5991,132.6854
F:\projects\DP_Clinical_strains\DP Clinical Isolates results-20220505T053100Z-001\ DP Clinical Isolates results\ELI 271 R1_E. coli_E.coli_IF 0a - Na-Succinate-Fe Citrate_4_37_SBR_709_4#12#2022_A_ 1A_0.OKA,4/12/2022 1:53:05 PM, 1-A,PM04A,ELI 271,"256    IF0a+Sodium Succinate/Ferric Citrate
257    IF0a+Sodium Succinate/Ferric Citrate
258    IF0a+Sodium Succinate/Ferric Citrate
259    IF0a+Sodium Succinate/Ferric Citrate
Name: Condition (Medium), dtype: object",E. coli,R1,33.75,22.694,273.3007,290.3459,267.2362,292.1869,17.2519,16.1586,266.9695,258.6413,253.2105,270.1456,238.6339,267.1747,276.955,278.5441,260.153,279.7202,271.0251,271.4622,272.4013,294.2705,270.4012,265.5344,28.9681,274.5798,269.4722,299.1504,301.1391,38.3382,306.1905,270.6779,292.8415,40.6365,274.5674,267.4391,39.7229,274.8028,286.4743,267.6168,270.1736,275.0292,270.8716,271.8955,265.4738,271.1358,272.2214,258.7794,38.2716,267.6393,255.1847,263.2781,252.0386,268.8648,29.3354,268.9721,36.7433,262.0979,260.6815,192.7363,31.1873,131.7885,247.2779,256.2156,275.9492,263.0889,259.21,264.4377,255.7863,253.1707,243.8457,134.4144,269.1172,111.7833,150.1893,243.434,253.3212,260.6713,98.1671,242.2357,213.4068,230.7351,209.0946,212.3965,87.9352,285.2501,215.0874,171.1071,150.2313,194.8437,263.1418,265.2108,146.6438,267.0202,270.0561,257.0664,131.5467
F:\projects\DP_Clinical_strains\DP Clinical Isolates results-20220505T053100Z-001\ DP Clinical Isolates results\ELI 271 R1_E. coli_E.coli_IF 0a - Na-Succinate-Fe Citrate_4_37_SBR_709_4#12#2022_A_ 1A_0.OKA,4/12/2022 1:53:05 PM, 1-A,PM04A,ELI 271,"256    IF0a+Sodium Succinate/Ferric Citrate
257    IF0a+Sodium Succinate/Ferric Citrate
258    IF0a+Sodium Succinate/Ferric Citrate
259    IF0a+Sodium Succinate/Ferric Citrate
Name: Condition (Medium), dtype: object",E. coli,R1,34.0,23.951,277.4665,287.9558,272.2577,292.9622,19.2786,14.7799,268.9795,255.6776,250.4384,270.8059,236.2864,269.204,278.3178,277.1412,266.1059,281.7045,272.5752,272.3835,271.5904,301.8211,270.8359,265.1314,32.5039,274.5025,265.9745,302.1951,301.2101,38.2933,309.0294,271.7354,294.3752,40.3595,277.0685,265.2103,34.618,273.7296,289.6047,266.8606,272.7896,273.271,267.4488,273.177,265.9875,267.8133,271.7404,257.3791,34.3452,266.1192,255.3233,262.5618,248.6906,266.4743,28.0467,274.0001,38.6721,258.8066,260.1577,186.885,33.0548,136.0,248.8162,257.3708,272.0723,262.0192,258.2366,265.8021,256.7988,252.0561,236.8459,134.2817,265.9174,111.1856,148.666,240.2172,251.9664,262.9598,99.2234,240.5291,207.8994,230.4043,213.9951,208.5481,85.3282,282.7609,211.1196,167.774,148.1447,198.9655,262.2517,266.3292,139.0443,266.6564,274.5989,256.8369,124.577
F:\projects\DP_Clinical_strains\DP Clinical Isolates results-20220505T053100Z-001\ DP Clinical Isolates results\ELI 271 R1_E. coli_E.coli_IF 0a - Na-Succinate-Fe Citrate_4_37_SBR_709_4#12#2022_A_ 1A_0.OKA,4/12/2022 1:53:05 PM, 1-A,PM04A,ELI 271,"256    IF0a+Sodium Succinate/Ferric Citrate
257    IF0a+Sodium Succinate/Ferric Citrate
258    IF0a+Sodium Succinate/Ferric Citrate
259    IF0a+Sodium Succinate/Ferric Citrate
Name: Condition (Medium), dtype: object",E. coli,R1,34.25,30.7578,274.5424,291.2627,268.9057,290.7949,15.4635,14.2805,268.3386,258.5467,252.3969,270.6213,241.9459,266.6086,276.1472,281.107,263.5295,280.8281,271.5045,272.2634,272.6447,298.9134,267.2463,264.9243,30.8512,273.8892,268.4964,301.2939,301.3362,40.1879,305.3465,271.1656,295.6066,44.5269,275.7655,266.5236,35.9546,275.9565,288.9961,270.1532,269.6762,273.9391,267.7643,273.4364,267.3422,270.1815,270.8891,256.787,35.6229,267.9942,255.4187,264.2188,251.4964,265.981,29.0671,270.8659,38.2076,263.6079,263.4229,190.7833,31.7624,132.7395,250.382,260.0919,276.8449,264.5137,260.3918,260.9381,253.9893,252.6809,242.6709,133.7141,267.0214,113.5283,148.7351,242.27,250.2045,262.317,97.5639,243.4673,216.776,230.2465,213.2852,210.6763,86.0285,281.8615,213.0134,165.3853,149.6423,193.9927,262.0878,264.5435,143.731,269.5249,274.6097,256.3986,127.8485
F:\projects\DP_Clinical_strains\DP Clinical Isolates results-20220505T053100Z-001\ DP Clinical Isolates results\ELI 271 R1_E. coli_E.coli_IF 0a - Na-Succinate-Fe Citrate_4_37_SBR_709_4#12#2022_A_ 1A_0.OKA,4/12/2022 1:53:05 PM, 1-A,PM04A,ELI 271,"256    IF0a+Sodium Succinate/Ferric Citrate
257    IF0a+Sodium Succinate/Ferric Citrate
258    IF0a+Sodium Succinate/Ferric Citrate
259    IF0a+Sodium Succinate/Ferric Citrate
Name: Condition (Medium), dtype: object",E. coli,R1,34.5,24.6189,274.3665,291.0371,269.559,292.697,14.7479,11.5457,267.2662,256.367,249.9127,269.4871,242.3597,269.1644,278.2881,275.4355,263.6942,280.0506,268.9909,273.264,274.2813,299.6577,269.966,267.097,26.2105,276.9101,267.9445,299.7328,301.3078,44.3466,308.1225,271.0365,296.4356,39.8719,276.9167,267.8856,34.9263,274.5811,288.9852,268.2228,271.0641,275.6684,267.9688,273.9322,267.7396,270.9518,270.3433,256.4131,34.4315,264.1507,254.2235,260.5183,253.1101,267.1842,23.3585,270.0902,39.6974,261.9287,264.5347,194.0372,32.3221,132.7102,252.7606,259.4068,275.6791,265.6933,259.1548,265.725,258.579,252.5311,238.5837,132.4779,267.375,112.068,149.1095,241.69,251.5021,261.6718,99.271,240.0727,210.4457,233.7167,212.2867,211.3837,89.3116,284.8319,211.2654,168.1309,148.1039,197.5954,262.4001,265.778,144.2273,267.4537,275.6102,258.0416,127.1727
F:\projects\DP_Clinical_strains\DP Clinical Isolates results-20220505T053100Z-001\ DP Clinical Isolates results\ELI 271 R1_E. coli_E.coli_IF 0a - Na-Succinate-Fe Citrate_4_37_SBR_709_4#12#2022_A_ 1A_0.OKA,4/12/2022 1:53:05 PM, 1-A,PM04A,ELI 271,"256    IF0a+Sodium Succinate/Ferric Citrate
257    IF0a+Sodium Succinate/Ferric Citrate
258    IF0a+Sodium Succinate/Ferric Citrate
259    IF0a+Sodium Succinate/Ferric Citrate
Name: Condition (Medium), dtype: object",E. coli,R1,34.75,30.6922,274.5688,290.182,270.3876,291.5537,19.1306,20.8933,266.3837,255.7841,250.9831,273.2877,242.3326,268.7817,276.8978,278.1376,264.3552,281.51,271.9308,276.2813,274.0193,303.1089,270.7135,266.0251,26.9317,274.3234,269.2061,303.8456,302.1898,48.2411,308.3396,273.5641,298.1698,42.541,279.8129,267.2303,36.6819,273.2701,294.3227,267.4244,269.7151,272.2644,267.6448,274.4643,268.2468,270.8716,270.7957,258.9326,38.5692,266.2137,255.46,260.5596,251.4944,268.3539,25.5423,272.6885,38.4765,261.5336,262.5202,189.9957,34.5175,139.6335,252.2452,259.5592,271.9485,261.3635,259.7945,265.9618,258.782,251.1899,240.479,133.0861,265.9046,114.5216,144.3627,244.0478,251.2908,261.9698,96.0905,241.9783,210.3037,231.3834,210.8321,211.3884,88.9704,282.6977,212.6431,170.3376,150.1968,201.4172,264.361,264.5348,144.4152,268.4971,271.2716,258.2727,128.1599
F:\projects\DP_Clinical_strains\DP Clinical Isolates results-20220505T053100Z-001\ DP Clinical Isolates results\ELI 271 R1_E. coli_E.coli_IF 0a - Na-Succinate-Fe Citrate_4_37_SBR_709_4#12#2022_A_ 1A_0.OKA,4/12/2022 1:53:05 PM, 1-A,PM04A,ELI 271,"256    IF0a+Sodium Succinate/Ferric Citrate
257    IF0a+Sodium Succinate/Ferric Citrate
258    IF0a+Sodium Succinate/Ferric Citrate
259    IF0a+Sodium Succinate/Ferric Citrate
Name: Condition (Medium), dtype: object",E. coli,R1,35.0,29.0953,274.1058,291.4752,270.5568,292.203,15.7833,14.6441,269.9691,256.6478,252.8655,271.2558,246.0531,267.3802,276.2339,281.1237,267.585,285.42,269.718,277.5722,278.6099,298.1511,271.9644,266.8076,30.5526,274.6155,268.848,300.0547,303.5349,50.4844,306.7067,272.247,293.6078,41.5442,278.9596,265.422,34.3537,272.3389,288.7683,269.7337,274.2882,276.0075,271.206,278.5926,266.6908,270.3156,274.8298,264.6716,33.9097,273.0859,258.6158,263.4941,255.1326,266.4108,29.4851,270.9153,39.9221,264.4218,264.6975,194.0555,33.0396,131.4391,250.3758,263.5194,277.7904,265.3941,262.4615,264.4448,257.6002,255.5829,244.5807,136.3181,267.5529,110.4156,150.9969,245.3322,250.9709,266.3405,101.6624,242.8387,219.1294,232.978,216.9875,214.295,89.0797,286.1103,212.9947,170.7583,150.5669,196.5469,268.0278,267.9775,147.6048,267.9715,273.8839,262.1216,128.6121
F:\projects\DP_Clinical_strains\DP Clinical Isolates results-20220505T053100Z-001\ DP Clinical Isolates results\ELI 271 R1_E. coli_E.coli_IF 0a - Na-Succinate-Fe Citrate_4_37_SBR_709_4#12#2022_A_ 1A_0.OKA,4/12/2022 1:53:05 PM, 1-A,PM04A,ELI 271,"256    IF0a+Sodium Succinate/Ferric Citrate
257    IF0a+Sodium Succinate/Ferric Citrate
258    IF0a+Sodium Succinate/Ferric Citrate
259    IF0a+Sodium Succinate/Ferric Citrate
Name: Condition (Medium), dtype: object",E. coli,R1,35.25,30.9426,274.1374,291.0627,271.9369,292.5461,15.5979,15.3713,270.7799,259.6668,251.3453,272.5095,245.1475,266.9311,276.9742,282.4488,266.4369,282.3902,271.9953,275.5395,276.5034,294.1013,271.3042,268.12,28.9322,273.2274,269.7608,302.6831,301.2624,53.5709,309.3701,270.5192,292.4972,41.2177,278.1982,267.8643,39.8115,275.2424,283.9562,270.7153,272.2102,273.7478,269.3488,276.1487,265.7726,271.6804,277.3286,261.9359,38.644,271.1658,258.25,263.2704,257.5832,266.9598,23.3134,272.4136,37.8855,265.8367,267.6803,197.4941,32.6112,136.4967,249.6615,261.6797,280.8198,264.489,262.2293,265.398,259.0599,259.2961,246.5975,136.5531,268.5564,113.0813,153.4174,244.852,249.5111,262.1636,103.7799,244.1311,223.0511,233.486,214.5538,213.0497,92.038,285.1895,213.4933,171.7489,150.0267,190.7076,264.5539,267.8577,152.1802,268.0076,276.965,260.3122,131.4897
F:\projects\DP_Clinical_strains\DP Clinical Isolates results-20220505T053100Z-001\ DP Clinical Isolates results\ELI 271 R1_E. coli_E.coli_IF 0a - Na-Succinate-Fe Citrate_4_37_SBR_709_4#12#2022_A_ 1A_0.OKA,4/12/2022 1:53:05 PM, 1-A,PM04A,ELI 271,"256    IF0a+Sodium Succinate/Ferric Citrate
257    IF0a+Sodium Succinate/Ferric Citrate
258    IF0a+Sodium Succinate/Ferric Citrate
259    IF0a+Sodium Succinate/Ferric Citrate
Name: Condition (Medium), dtype: object",E. coli,R1,35.5,25.1976,274.5076,290.7062,269.6574,291.2828,13.5403,14.8248,271.5559,256.4275,251.4353,270.5389,248.3984,269.3315,275.59,279.796,265.6269,285.6252,270.6205,273.4133,275.6493,297.2489,272.1959,267.8647,33.4088,274.4767,265.9554,303.2088,302.28,55.58,308.0447,267.1473,294.9182,44.1953,277.8397,267.0667,40.1344,273.0583,288.9937,266.6271,270.5534,274.7221,270.1608,275.5013,269.1717,270.1195,275.8453,263.2456,38.0251,268.2673,255.5293,265.826,255.8733,265.167,28.3251,275.0474,36.9031,262.696,260.0901,197.8927,30.5161,131.8707,247.9169,266.3589,281.0087,265.0754,261.5983,264.4427,255.7162,256.2809,246.9082,134.7326,269.1493,110.5113,151.2852,246.1831,248.5543,263.3201,93.6028,243.3652,217.2491,235.6323,214.9316,211.94,87.1434,283.1544,216.747,170.2424,151.5193,198.2551,265.7654,268.4516,150.0353,270.7834,278.1624,260.5898,130.8195
F:\projects\DP_Clinical_strains\DP Clinical Isolates results-20220505T053100Z-001\ DP Clinical Isolates results\ELI 271 R1_E. coli_E.coli_IF 0a - Na-Succinate-Fe Citrate_4_37_SBR_709_4#12#2022_A_ 1A_0.OKA,4/12/2022 1:53:05 PM, 1-A,PM04A,ELI 271,"256    IF0a+Sodium Succinate/Ferric Citrate
257    IF0a+Sodium Succinate/Ferric Citrate
258    IF0a+Sodium Succinate/Ferric Citrate
259    IF0a+Sodium Succinate/Ferric Citrate
Name: Condition (Medium), dtype: object",E. coli,R1,35.75,28.1325,275.4796,291.5299,268.612,291.5878,18.4005,11.6347,268.4787,257.4937,251.8654,271.2942,247.1653,269.6643,278.5367,279.0211,267.7148,282.0925,274.0799,274.1881,278.281,293.8376,273.3519,266.2504,29.1432,271.305,267.4214,301.7715,302.9978,57.8952,307.0985,271.9336,295.7081,43.2968,279.2489,268.7539,36.595,273.4917,288.276,269.4345,272.6096,274.9872,268.5157,281.498,270.0545,273.4668,275.8602,264.5533,36.1269,269.3401,258.8052,265.483,256.9937,268.032,27.3752,272.4092,40.0326,263.4709,263.1946,196.9296,33.5388,133.0943,250.746,263.8066,282.753,266.6209,261.0228,266.3522,259.5927,257.9385,243.1463,135.493,267.5091,111.6364,153.4404,247.2481,249.6536,265.1283,98.7216,244.2498,218.3312,235.2532,213.9687,215.9673,88.7152,281.8931,215.0247,174.2304,149.0694,199.5313,265.4133,264.3641,148.9007,272.526,273.7071,258.8377,130.5716
F:\projects\DP_Clinical_strains\DP Clinical Isolates results-20220505T053100Z-001\ DP Clinical Isolates results\ELI 271 R1_E. coli_E.coli_IF 0a - Na-Succinate-Fe Citrate_4_37_SBR_709_4#12#2022_A_ 1A_0.OKA,4/12/2022 1:53:05 PM, 1-A,PM04A,ELI 271,"256    IF0a+Sodium Succinate/Ferric Citrate
257    IF0a+Sodium Succinate/Ferric Citrate
258    IF0a+Sodium Succinate/Ferric Citrate
259    IF0a+Sodium Succinate/Ferric Citrate
Name: Condition (Medium), dtype: object",E. coli,R1,36.0,27.4319,275.8756,294.2187,270.1776,294.652,17.2987,16.3445,270.4994,257.5317,254.7711,273.8273,248.2955,269.2539,277.3781,281.9371,268.9494,286.1582,273.573,274.2627,276.4046,298.3093,270.6692,266.2807,31.883,271.4494,268.3561,303.5959,301.4209,63.7968,311.7293,274.7117,294.7407,40.7203,278.4457,272.0737,37.1785,275.2912,291.3219,268.874,273.2762,277.1707,269.7162,278.4649,269.9396,273.6686,275.0726,260.2117,35.8823,271.3893,257.0727,266.0687,259.2061,270.731,25.3726,271.0628,36.4855,263.6206,263.7547,192.6102,30.6812,137.3782,252.9343,265.0183,280.9833,267.7865,263.1018,268.1148,258.3232,257.2714,242.8124,133.9785,270.7187,112.2327,149.9341,245.4593,250.7677,263.5247,98.1985,245.1025,218.1332,234.0025,214.7468,214.7087,87.3712,284.9206,216.731,167.9449,149.5932,199.8959,264.8953,267.8912,152.7097,269.8483,275.255,259.1635,128.4067
F:\projects\DP_Clinical_strains\DP Clinical Isolates results-20220505T053100Z-001\ DP Clinical Isolates results\ELI 271 R1_E. coli_E.coli_IF 0a - Na-Succinate-Fe Citrate_4_37_SBR_709_4#12#2022_A_ 1A_0.OKA,4/12/2022 1:53:05 PM, 1-A,PM04A,ELI 271,"256    IF0a+Sodium Succinate/Ferric Citrate
257    IF0a+Sodium Succinate/Ferric Citrate
258    IF0a+Sodium Succinate/Ferric Citrate
259    IF0a+Sodium Succinate/Ferric Citrate
Name: Condition (Medium), dtype: object",E. coli,R1,36.25,30.1033,275.3077,290.9941,272.5337,295.8908,14.7032,16.2775,268.1526,257.5262,253.0862,272.6747,250.0969,270.3088,275.3147,283.2306,268.1431,285.4792,271.7089,274.863,277.7354,300.1593,271.3093,268.8806,29.9368,275.2459,270.3604,305.3928,305.2332,61.9974,310.919,274.5307,299.9837,44.212,277.4364,265.5162,35.1945,273.2993,289.8067,269.3887,273.3682,274.3163,273.0094,277.1274,268.4386,271.3094,273.6678,262.7672,33.1055,270.0194,258.9592,266.1313,257.1035,270.9769,29.8889,273.9437,37.9551,264.1448,264.9085,196.1391,33.8154,137.0921,251.3153,265.3924,280.7927,264.8704,261.8901,264.9459,257.4975,253.5771,240.8193,136.1114,267.1874,111.962,149.6787,244.3843,252.4065,268.1642,101.5314,241.1207,216.4574,236.1703,214.1136,210.5826,89.0841,282.0717,216.5419,171.6396,150.2379,195.5577,266.026,266.0521,149.6529,269.0078,275.3452,258.2188,127.9344
F:\projects\DP_Clinical_strains\DP Clinical Isolates results-20220505T053100Z-001\ DP Clinical Isolates results\ELI 271 R1_E. coli_E.coli_IF 0a - Na-Succinate-Fe Citrate_4_37_SBR_709_4#12#2022_A_ 1A_0.OKA,4/12/2022 1:53:05 PM, 1-A,PM04A,ELI 271,"256    IF0a+Sodium Succinate/Ferric Citrate
257    IF0a+Sodium Succinate/Ferric Citrate
258    IF0a+Sodium Succinate/Ferric Citrate
259    IF0a+Sodium Succinate/Ferric Citrate
Name: Condition (Medium), dtype: object",E. coli,R1,36.5,28.5686,275.0721,288.0028,271.0718,294.9751,17.2297,15.403,271.3595,257.0358,250.0988,272.1513,250.3752,270.5451,275.7634,285.0744,268.9068,285.4524,274.8912,273.6462,275.2333,298.0445,272.9616,267.5838,29.1047,275.4514,270.4226,305.19,304.3397,65.2663,310.858,275.5985,297.7091,40.8573,280.5215,269.0447,34.4208,276.885,296.2448,268.3582,272.8497,274.5933,271.7325,273.8685,268.5853,270.4763,273.6986,261.7784,31.4532,269.085,256.9104,264.3474,256.9837,270.7938,28.9888,271.5313,40.1407,268.0281,261.6164,194.0662,33.642,136.8216,249.8535,263.6685,281.797,265.3837,261.0208,269.6846,258.7953,254.8654,243.9272,133.337,268.2995,111.3239,151.8272,244.1844,253.1062,264.5082,100.1166,242.3828,213.6632,233.5733,213.276,213.9309,82.1967,281.6197,213.359,170.2836,148.7462,199.3451,264.8919,263.3549,147.3544,268.5286,278.7011,259.4625,127.1912
F:\projects\DP_Clinical_strains\DP Clinical Isolates results-20220505T053100Z-001\ DP Clinical Isolates results\ELI 271 R1_E. coli_E.coli_IF 0a - Na-Succinate-Fe Citrate_4_37_SBR_709_4#12#2022_A_ 1A_0.OKA,4/12/2022 1:53:05 PM, 1-A,PM04A,ELI 271,"256    IF0a+Sodium Succinate/Ferric Citrate
257    IF0a+Sodium Succinate/Ferric Citrate
258    IF0a+Sodium Succinate/Ferric Citrate
259    IF0a+Sodium Succinate/Ferric Citrate
Name: Condition (Medium), dtype: object",E. coli,R1,36.75,31.0354,275.9388,290.8712,274.8645,298.1682,11.5491,18.22,270.2478,253.3586,252.5606,272.36,252.8576,271.264,279.0925,281.2149,269.5206,289.7951,272.215,277.5605,278.8211,304.6925,274.7529,267.7311,29.597,277.6728,272.1833,305.5603,305.7876,67.8047,310.6872,273.4606,302.5578,44.9421,281.0208,267.3217,37.8538,277.1632,298.5506,269.6629,272.3354,276.5248,271.0535,277.4398,270.7467,270.5844,273.5702,261.2399,34.9688,269.4852,258.3998,264.0744,255.3192,272.0782,31.1843,276.3787,43.2346,265.9436,264.396,193.0434,35.9779,136.5519,251.3503,263.8616,282.7635,268.4305,262.1175,266.5362,258.3691,250.7589,242.0158,131.2866,268.6912,113.4508,149.1422,243.0446,252.3932,265.2805,96.4135,239.5138,215.4243,231.8795,216.4881,216.5919,88.6476,283.9929,214.5151,170.8745,151.621,203.2477,263.6595,265.0548,146.7107,267.6461,276.6942,256.4921,124.1645
F:\projects\DP_Clinical_strains\DP Clinical Isolates results-20220505T053100Z-001\ DP Clinical Isolates results\ELI 271 R1_E. coli_E.coli_IF 0a - Na-Succinate-Fe Citrate_4_37_SBR_709_4#12#2022_A_ 1A_0.OKA,4/12/2022 1:53:05 PM, 1-A,PM04A,ELI 271,"256    IF0a+Sodium Succinate/Ferric Citrate
257    IF0a+Sodium Succinate/Ferric Citrate
258    IF0a+Sodium Succinate/Ferric Citrate
259    IF0a+Sodium Succinate/Ferric Citrate
Name: Condition (Medium), dtype: object",E. coli,R1,37.0,28.9865,277.0861,291.0132,274.8565,297.2258,18.4107,12.4355,271.2905,258.1182,255.2558,271.6206,252.8795,271.392,279.5716,284.3381,268.8263,285.9453,275.3977,273.2905,278.8826,304.4059,273.8173,267.2625,28.8618,275.4388,272.5849,301.117,304.7676,73.1771,309.7132,272.0508,300.3683,45.1022,283.4326,268.7889,35.8175,277.6227,296.4651,270.6172,273.7824,279.3873,270.2399,277.3075,271.2207,270.2394,273.1477,260.0603,35.6798,265.7871,259.3535,266.5988,257.4326,272.7683,26.0022,273.4841,38.3025,265.0571,262.3258,194.8906,32.0144,136.3213,253.9972,264.5642,283.8784,266.4549,260.7043,266.5065,256.4673,257.6428,242.6763,132.3252,267.9466,109.7738,149.5014,244.5022,252.5997,264.0573,98.7106,244.5469,216.1691,233.8569,213.6779,215.7644,85.2002,282.3036,215.9851,169.9576,146.4751,200.4772,264.072,267.2462,146.7791,267.4957,275.8135,256.2188,128.0846
F:\projects\DP_Clinical_strains\DP Clinical Isolates results-20220505T053100Z-001\ DP Clinical Isolates results\ELI 271 R1_E. coli_E.coli_IF 0a - Na-Succinate-Fe Citrate_4_37_SBR_709_4#12#2022_A_ 1A_0.OKA,4/12/2022 1:53:05 PM, 1-A,PM04A,ELI 271,"256    IF0a+Sodium Succinate/Ferric Citrate
257    IF0a+Sodium Succinate/Ferric Citrate
258    IF0a+Sodium Succinate/Ferric Citrate
259    IF0a+Sodium Succinate/Ferric Citrate
Name: Condition (Medium), dtype: object",E. coli,R1,37.25,28.1871,277.709,292.4724,271.5214,297.2564,16.1618,14.4602,269.682,256.7747,252.0271,271.7566,252.9311,271.3098,279.891,283.0991,268.7271,292.9653,276.7681,276.5648,278.2368,304.0261,275.3439,267.6974,28.6202,275.9277,271.6748,305.6849,304.0008,70.0062,308.4369,274.5172,299.3658,44.8942,284.1313,269.0044,32.3335,277.2639,298.0365,268.8627,273.7924,276.006,273.8569,278.3192,271.5122,273.3946,275.2188,260.3219,32.4513,267.8137,259.536,264.165,258.9833,273.0061,27.3814,275.6752,37.2936,264.0563,265.3582,192.7549,30.0589,133.2773,253.1338,261.8071,282.3271,266.2011,261.2301,268.998,258.3369,257.4818,244.2743,131.7779,267.257,111.8794,152.2233,245.8744,253.487,262.8799,99.2459,243.4587,214.0869,233.4287,212.8331,212.3864,87.7127,284.999,213.3747,165.0903,147.3887,199.697,265.0601,266.182,147.0026,269.2085,276.6127,258.76,127.8382
F:\projects\DP_Clinical_strains\DP Clinical Isolates results-20220505T053100Z-001\ DP Clinical Isolates results\ELI 271 R1_E. coli_E.coli_IF 0a - Na-Succinate-Fe Citrate_4_37_SBR_709_4#12#2022_A_ 1A_0.OKA,4/12/2022 1:53:05 PM, 1-A,PM04A,ELI 271,"256    IF0a+Sodium Succinate/Ferric Citrate
257    IF0a+Sodium Succinate/Ferric Citrate
258    IF0a+Sodium Succinate/Ferric Citrate
259    IF0a+Sodium Succinate/Ferric Citrate
Name: Condition (Medium), dtype: object",E. coli,R1,37.5,28.9925,277.856,291.5137,273.2621,296.3708,13.1987,17.6585,265.2337,257.0007,255.0343,271.652,252.5706,272.4638,280.8855,282.1645,268.9867,289.351,277.539,275.6402,279.5136,307.5732,273.3254,269.975,32.1581,278.854,272.7809,306.602,306.1713,76.8433,309.4324,275.8467,301.4047,46.7135,280.173,265.422,34.7136,278.998,300.6258,270.5585,277.1494,278.7382,273.004,280.1221,269.3967,270.2431,273.6074,261.7242,33.9439,265.9187,261.8745,265.0029,256.2476,270.8235,29.043,274.6783,35.4003,263.62,263.4055,189.8923,32.1402,138.7952,250.0824,261.5856,283.2328,264.1636,260.1798,266.8146,261.1189,254.3939,239.0137,129.4535,265.5062,112.7708,148.4195,243.648,251.6024,264.1754,94.6741,243.4224,212.1878,234.0166,215.217,211.9019,86.7797,282.5278,213.3747,173.6101,149.7098,199.9727,262.0638,270.0331,147.8208,264.8944,274.7613,257.4974,121.4142
F:\projects\DP_Clinical_strains\DP Clinical Isolates results-20220505T053100Z-001\ DP Clinical Isolates results\ELI 271 R1_E. coli_E.coli_IF 0a - Na-Succinate-Fe Citrate_4_37_SBR_709_4#12#2022_A_ 1A_0.OKA,4/12/2022 1:53:05 PM, 1-A,PM04A,ELI 271,"256    IF0a+Sodium Succinate/Ferric Citrate
257    IF0a+Sodium Succinate/Ferric Citrate
258    IF0a+Sodium Succinate/Ferric Citrate
259    IF0a+Sodium Succinate/Ferric Citrate
Name: Condition (Medium), dtype: object",E. coli,R1,37.75,30.5083,276.9409,291.2628,273.3108,297.5676,16.4122,12.8798,268.197,257.0627,253.816,273.3318,253.0566,273.035,278.8916,285.9109,270.6493,290.3534,276.5013,275.8509,279.1256,305.4169,275.3278,270.8055,31.7094,278.2897,272.622,308.0026,303.6188,77.2137,310.7501,273.847,300.7115,45.1298,282.3753,268.4372,33.6646,274.485,297.7474,271.7306,275.6352,275.9443,273.4241,277.2999,270.0545,272.5674,273.7942,265.9746,34.5373,264.9921,254.6135,265.5485,258.9538,274.2092,33.4096,277.5233,39.2367,267.6268,264.0212,188.4669,32.7435,138.7772,252.5214,263.0412,284.2166,266.6128,258.3118,269.344,261.6539,258.3392,243.945,133.5262,267.8999,111.8025,148.9171,245.0194,255.4315,263.3536,98.5979,242.4094,216.2577,232.5443,216.2824,210.8647,89.1494,282.4286,213.63,169.1765,146.0089,202.5222,265.609,266.7726,147.4617,271.242,277.0468,257.097,124.0156
F:\projects\DP_Clinical_strains\DP Clinical Isolates results-20220505T053100Z-001\ DP Clinical Isolates results\ELI 271 R1_E. coli_E.coli_IF 0a - Na-Succinate-Fe Citrate_4_37_SBR_709_4#12#2022_A_ 1A_0.OKA,4/12/2022 1:53:05 PM, 1-A,PM04A,ELI 271,"256    IF0a+Sodium Succinate/Ferric Citrate
257    IF0a+Sodium Succinate/Ferric Citrate
258    IF0a+Sodium Succinate/Ferric Citrate
259    IF0a+Sodium Succinate/Ferric Citrate
Name: Condition (Medium), dtype: object",E. coli,R1,38.0,34.1715,278.0784,292.7002,274.0655,298.4475,12.4173,15.1601,272.223,261.7033,258.0398,274.1798,252.4412,269.5857,282.7105,286.2615,270.9795,293.6228,276.3933,280.6707,282.6993,307.9959,275.9318,267.7368,27.4314,281.4717,273.3571,307.5369,306.3854,79.1625,312.5613,275.2763,300.0365,42.4943,280.326,269.3315,37.6972,281.4999,301.138,271.1401,276.3264,276.4841,273.9695,278.2457,272.2497,273.6082,273.8859,263.183,35.4271,268.7121,258.8795,266.0434,256.7385,274.6516,26.7057,278.0295,35.1744,264.5554,265.8658,190.0932,32.5233,138.6796,256.0695,264.7937,283.7487,264.1868,264.1867,266.6201,258.3381,254.6805,244.6296,132.3792,266.8502,109.0062,149.6613,244.6821,255.3896,265.6155,97.9179,241.9507,217.0943,234.3256,213.7999,210.4603,87.7813,285.1444,217.5936,172.6183,148.1551,199.2538,262.7711,264.1428,147.6984,268.2838,276.0887,259.6408,125.6201
F:\projects\DP_Clinical_strains\DP Clinical Isolates results-20220505T053100Z-001\ DP Clinical Isolates results\ELI 271 R1_E. coli_E.coli_IF 0a - Na-Succinate-Fe Citrate_4_37_SBR_709_4#12#2022_A_ 1A_0.OKA,4/12/2022 1:53:05 PM, 1-A,PM04A,ELI 271,"256    IF0a+Sodium Succinate/Ferric Citrate
257    IF0a+Sodium Succinate/Ferric Citrate
258    IF0a+Sodium Succinate/Ferric Citrate
259    IF0a+Sodium Succinate/Ferric Citrate
Name: Condition (Medium), dtype: object",E. coli,R1,38.25,27.6635,278.2856,290.7638,272.7357,296.51,14.4831,15.5638,267.211,254.8472,253.2951,269.9746,254.1839,271.4717,276.7396,285.2277,270.6738,290.706,275.2409,276.3959,281.3666,304.5701,274.3803,269.8177,31.2177,277.5764,272.3137,307.5377,306.5216,80.4699,310.3697,274.1303,301.2363,50.1377,282.5112,270.5094,36.257,275.5125,301.3861,270.8235,273.1162,279.4562,274.3258,279.618,272.1181,271.8638,272.9708,263.7542,39.2601,268.4212,258.1566,264.6683,256.9413,273.0548,29.2535,276.84,40.1256,265.0255,265.1579,193.9334,34.1352,137.7298,254.8572,263.3219,282.5982,266.4621,264.2709,263.7772,260.8259,257.7078,244.7948,133.4571,267.2407,112.4921,150.9565,246.4335,255.5782,267.5612,98.8396,245.4749,219.7199,233.1191,215.4194,214.2892,88.4635,281.9236,212.2115,174.9951,147.1316,199.6893,266.8411,265.8188,145.9083,266.8351,276.1156,259.0069,125.7564
F:\projects\DP_Clinical_strains\DP Clinical Isolates results-20220505T053100Z-001\ DP Clinical Isolates results\ELI 271 R1_E. coli_E.coli_IF 0a - Na-Succinate-Fe Citrate_4_37_SBR_709_4#12#2022_A_ 1A_0.OKA,4/12/2022 1:53:05 PM, 1-A,PM04A,ELI 271,"256    IF0a+Sodium Succinate/Ferric Citrate
257    IF0a+Sodium Succinate/Ferric Citrate
258    IF0a+Sodium Succinate/Ferric Citrate
259    IF0a+Sodium Succinate/Ferric Citrate
Name: Condition (Medium), dtype: object",E. coli,R1,38.5,29.5088,280.9201,289.3905,275.2867,295.9392,19.5768,13.9227,268.9853,256.6008,256.1641,272.9644,253.3178,271.5182,280.9397,285.0556,271.8146,292.6473,276.0755,282.063,283.2234,308.2437,278.1743,270.4882,30.8236,277.2057,272.4943,309.5049,308.1404,82.0323,312.2714,273.7145,299.0402,47.4034,280.5891,268.3639,36.0727,275.6911,300.4737,273.6144,276.5536,278.6079,275.6883,283.3014,270.8005,272.599,274.6753,262.8084,35.5764,269.3358,256.3317,264.3606,260.4871,271.8414,27.3292,276.8804,38.3909,263.9456,265.8393,195.6167,36.0037,138.8896,253.2953,262.8449,284.3565,270.0196,266.3474,268.9779,262.8483,257.1491,243.0019,136.0553,266.8693,109.7549,146.7239,247.2223,255.5592,264.4658,98.6345,241.4669,217.5136,232.3856,215.0103,213.9744,87.9097,284.9857,215.1398,171.7336,147.3082,195.7115,262.6328,264.3835,147.7088,267.6313,274.6308,261.2116,123.0006
F:\projects\DP_Clinical_strains\DP Clinical Isolates results-20220505T053100Z-001\ DP Clinical Isolates results\ELI 271 R1_E. coli_E.coli_IF 0a - Na-Succinate-Fe Citrate_4_37_SBR_709_4#12#2022_A_ 1A_0.OKA,4/12/2022 1:53:05 PM, 1-A,PM04A,ELI 271,"256    IF0a+Sodium Succinate/Ferric Citrate
257    IF0a+Sodium Succinate/Ferric Citrate
258    IF0a+Sodium Succinate/Ferric Citrate
259    IF0a+Sodium Succinate/Ferric Citrate
Name: Condition (Medium), dtype: object",E. coli,R1,38.75,26.0431,275.1772,290.5815,272.5845,298.2552,17.2958,15.7415,274.5615,256.7502,255.1022,276.1179,254.8274,270.9478,282.1304,288.1659,270.4533,290.4068,278.7603,280.5934,280.3259,302.3854,275.7577,269.7011,28.9293,278.7274,271.132,308.3881,308.4026,85.6504,311.7895,275.5913,300.7202,48.3692,283.791,272.3033,39.6188,276.107,297.9846,271.765,275.3919,278.2634,274.7243,280.2458,273.3108,275.2018,279.9506,263.6777,39.583,271.4778,260.221,268.9471,258.8475,274.5746,26.9458,277.1135,41.0502,265.0554,268.066,195.7799,31.635,136.765,254.0288,261.5691,286.4731,269.3652,265.0887,267.1134,259.9557,258.1091,244.7835,133.9479,266.9865,116.7871,151.7319,246.959,253.9587,265.8425,96.8857,246.8106,219.5793,236.8211,219.0833,215.4997,90.2595,283.3517,214.7631,171.8464,148.7477,197.7157,262.9521,265.0357,150.1919,270.8462,277.1297,257.5385,125.5995
F:\projects\DP_Clinical_strains\DP Clinical Isolates results-20220505T053100Z-001\ DP Clinical Isolates results\ELI 271 R1_E. coli_E.coli_IF 0a - Na-Succinate-Fe Citrate_4_37_SBR_709_4#12#2022_A_ 1A_0.OKA,4/12/2022 1:53:05 PM, 1-A,PM04A,ELI 271,"256    IF0a+Sodium Succinate/Ferric Citrate
257    IF0a+Sodium Succinate/Ferric Citrate
258    IF0a+Sodium Succinate/Ferric Citrate
259    IF0a+Sodium Succinate/Ferric Citrate
Name: Condition (Medium), dtype: object",E. coli,R1,39.0,29.1578,278.9341,290.8811,275.3829,297.8296,16.2374,16.4211,269.1876,257.7567,255.2017,273.1448,254.8324,273.0128,280.526,286.7615,271.1775,294.7397,276.5488,282.5948,282.4123,306.2389,276.0034,270.2688,29.9344,277.7315,272.6367,308.597,308.1923,87.7446,313.2876,277.6031,303.2444,50.8762,283.9431,269.9261,36.0561,275.989,300.4305,269.7503,273.3244,280.5979,274.4925,280.3729,271.5677,274.859,275.2313,263.1832,31.7723,265.8874,260.9962,268.2656,261.2152,273.8713,30.1396,278.89,42.0699,265.4089,263.7907,196.0633,32.6515,137.6176,253.9159,265.8685,284.8537,268.5615,263.5679,267.7809,260.3188,258.3237,243.4139,130.5421,268.618,110.7011,151.979,245.7418,257.8431,269.5855,98.107,244.3619,217.9442,235.5842,216.7088,211.9634,88.4743,281.8739,215.2148,174.4539,147.7441,198.7136,265.2457,265.6318,147.1603,267.7166,275.229,259.5696,124.9546
F:\projects\DP_Clinical_strains\DP Clinical Isolates results-20220505T053100Z-001\ DP Clinical Isolates results\ELI 271 R1_E. coli_E.coli_IF 0a - Na-Succinate-Fe Citrate_4_37_SBR_709_4#12#2022_A_ 1A_0.OKA,4/12/2022 1:53:05 PM, 1-A,PM04A,ELI 271,"256    IF0a+Sodium Succinate/Ferric Citrate
257    IF0a+Sodium Succinate/Ferric Citrate
258    IF0a+Sodium Succinate/Ferric Citrate
259    IF0a+Sodium Succinate/Ferric Citrate
Name: Condition (Medium), dtype: object",E. coli,R1,39.25,28.7442,277.3768,290.9923,273.8998,300.9635,13.8863,15.0636,272.3012,261.3011,256.0358,271.6061,256.3118,271.0425,282.3665,287.8621,273.9396,292.6161,276.4403,280.6401,285.0016,305.3129,275.5505,269.6848,33.3797,278.7126,275.3496,309.7867,307.2561,95.31,312.1112,279.721,302.5738,46.5691,283.7366,271.24,35.7255,277.5377,300.381,272.5239,280.5037,279.0621,275.6825,279.7919,273.9296,274.3674,274.4279,264.4585,36.1181,268.4854,260.7126,267.6593,259.7192,278.0251,31.2231,276.2413,40.3605,270.0117,266.3205,193.4447,32.3345,133.536,255.8157,267.0004,285.5803,266.238,264.1241,267.0303,260.3504,257.452,246.6575,136.5313,268.5959,108.7099,153.5019,247.6255,253.7039,266.4096,97.9926,243.9231,215.1215,234.7838,215.6716,214.5461,87.9238,284.387,212.2555,170.6552,147.4143,197.6701,262.3483,267.7209,148.0401,273.762,277.5626,258.8405,124.527
F:\projects\DP_Clinical_strains\DP Clinical Isolates results-20220505T053100Z-001\ DP Clinical Isolates results\ELI 271 R1_E. coli_E.coli_IF 0a - Na-Succinate-Fe Citrate_4_37_SBR_709_4#12#2022_A_ 1A_0.OKA,4/12/2022 1:53:05 PM, 1-A,PM04A,ELI 271,"256    IF0a+Sodium Succinate/Ferric Citrate
257    IF0a+Sodium Succinate/Ferric Citrate
258    IF0a+Sodium Succinate/Ferric Citrate
259    IF0a+Sodium Succinate/Ferric Citrate
Name: Condition (Medium), dtype: object",E. coli,R1,39.5,29.674,277.8634,293.6299,275.8328,298.5547,16.0931,19.1858,269.1693,260.7426,255.8325,273.8824,255.4016,270.1174,279.0359,288.8786,272.6345,295.5916,277.4461,279.2535,286.5433,305.9012,278.2061,272.0083,25.8481,282.2845,272.0445,309.899,309.1911,96.2832,310.9039,277.4355,303.101,46.4929,284.4107,273.0526,40.0622,280.4182,302.1972,272.5409,277.3985,279.9435,277.3613,281.0281,273.9413,275.3992,274.8208,265.2527,33.1739,267.8028,258.4023,267.4811,260.5778,276.6289,27.5814,277.9269,38.8105,267.5867,267.8997,191.8316,33.9772,133.9969,256.1594,265.602,287.913,268.1752,264.7375,270.2096,260.1829,254.0653,247.9701,131.7539,266.1391,114.6148,149.8948,245.4166,255.7009,266.3523,99.0318,247.1147,216.2256,235.9718,214.744,218.4281,87.3745,287.258,218.6512,167.635,146.4371,202.042,265.4103,265.6958,146.3499,268.5886,279.2184,258.1935,121.6367
F:\projects\DP_Clinical_strains\DP Clinical Isolates results-20220505T053100Z-001\ DP Clinical Isolates results\ELI 271 R1_E. coli_E.coli_IF 0a - Na-Succinate-Fe Citrate_4_37_SBR_709_4#12#2022_A_ 1A_0.OKA,4/12/2022 1:53:05 PM, 1-A,PM04A,ELI 271,"256    IF0a+Sodium Succinate/Ferric Citrate
257    IF0a+Sodium Succinate/Ferric Citrate
258    IF0a+Sodium Succinate/Ferric Citrate
259    IF0a+Sodium Succinate/Ferric Citrate
Name: Condition (Medium), dtype: object",E. coli,R1,39.75,30.2819,277.0518,291.975,273.9893,301.5067,18.9928,20.8962,271.7252,259.8162,257.7209,273.3962,257.7408,273.2374,281.8037,289.3492,274.1264,296.1631,278.6711,279.8259,284.2477,308.4119,274.342,270.8734,30.5567,279.0355,275.6323,309.4109,309.5746,94.1936,312.7308,277.3936,304.6341,48.4945,282.1787,270.5238,39.432,279.0254,302.7403,274.3374,280.4478,278.7972,276.4795,282.8234,272.7742,275.2612,277.9211,265.0744,35.6538,271.8567,262.8084,269.5521,262.2498,276.3507,31.9993,276.4583,43.2492,268.1408,266.3324,196.5357,36.6175,137.5931,254.9662,263.5919,287.1953,269.6141,264.8039,269.9849,263.8593,258.1054,245.6069,136.452,268.2185,113.8003,147.8034,251.0457,256.3452,266.8163,98.831,246.1989,218.2111,235.2528,219.154,213.1098,89.4675,282.1868,218.499,173.2079,147.0651,201.8845,265.3796,269.2151,150.846,270.9042,279.2166,259.8298,123.9281
F:\projects\DP_Clinical_strains\DP Clinical Isolates results-20220505T053100Z-001\ DP Clinical Isolates results\ELI 271 R1_E. coli_E.coli_IF 0a - Na-Succinate-Fe Citrate_4_37_SBR_709_4#12#2022_A_ 1A_0.OKA,4/12/2022 1:53:05 PM, 1-A,PM04A,ELI 271,"256    IF0a+Sodium Succinate/Ferric Citrate
257    IF0a+Sodium Succinate/Ferric Citrate
258    IF0a+Sodium Succinate/Ferric Citrate
259    IF0a+Sodium Succinate/Ferric Citrate
Name: Condition (Medium), dtype: object",E. coli,R1,40.0,32.6964,282.4023,294.3746,278.2054,299.3263,12.8286,17.0313,273.2648,256.6848,256.8981,272.7251,254.5651,273.6204,283.3178,288.5389,275.0595,293.2972,279.6862,277.8769,284.1516,309.8645,279.1257,271.8926,26.6311,280.744,273.4915,310.9323,310.0682,95.5275,314.0735,275.6902,305.6838,47.7241,284.4753,268.3076,38.1512,277.741,304.3869,274.302,280.26,280.3662,275.3052,282.8098,271.8986,274.2345,276.855,263.7982,34.397,269.038,263.9422,268.4009,257.6801,277.9372,31.9448,278.7293,41.1025,267.3836,264.6151,195.3706,35.6327,137.8703,257.0992,264.9924,287.1358,267.6978,264.1429,269.9653,262.6623,254.2233,243.2868,128.2511,269.2651,110.7452,148.9492,246.6735,255.3434,269.5911,95.1892,245.6294,220.1386,234.2049,218.3335,213.5808,81.801,281.701,215.7591,173.3259,148.0508,199.1844,265.1335,267.3714,150.0956,268.7698,279.6696,260.5239,124.0752
F:\projects\DP_Clinical_strains\DP Clinical Isolates results-20220505T053100Z-001\ DP Clinical Isolates results\ELI 271 R1_E. coli_E.coli_IF 0a - Na-Succinate-Fe Citrate_4_37_SBR_709_4#12#2022_A_ 1A_0.OKA,4/12/2022 1:53:05 PM, 1-A,PM04A,ELI 271,"256    IF0a+Sodium Succinate/Ferric Citrate
257    IF0a+Sodium Succinate/Ferric Citrate
258    IF0a+Sodium Succinate/Ferric Citrate
259    IF0a+Sodium Succinate/Ferric Citrate
Name: Condition (Medium), dtype: object",E. coli,R1,40.25,31.3355,282.9308,293.2465,276.3584,300.2994,14.699,18.5751,275.2558,259.879,258.011,274.467,254.9385,273.0683,281.1983,287.9771,274.4014,295.8877,280.0134,282.6762,287.5387,311.2044,277.0626,271.9007,31.0549,282.8904,275.3476,310.7444,310.5803,101.3819,313.2089,279.4865,304.405,47.5124,284.9254,272.5169,34.3721,279.7481,303.4742,273.4778,275.962,277.5085,277.7065,279.814,272.3742,274.0401,276.448,265.949,31.2688,266.315,264.9971,268.7562,258.2243,274.0576,30.7981,279.0515,37.4623,266.9784,264.7954,191.8887,29.3923,136.7733,257.9715,265.2665,288.7635,268.0241,265.6788,267.9337,262.8201,258.1054,245.8005,130.3732,269.4652,113.8729,147.1866,251.064,255.783,265.9433,98.144,246.3316,215.8358,233.9868,214.4362,215.3351,85.6186,286.4224,213.4359,172.3386,147.9665,200.0113,269.3034,267.2172,145.7324,268.6319,276.2561,260.0752,119.8856
F:\projects\DP_Clinical_strains\DP Clinical Isolates results-20220505T053100Z-001\ DP Clinical Isolates results\ELI 271 R1_E. coli_E.coli_IF 0a - Na-Succinate-Fe Citrate_4_37_SBR_709_4#12#2022_A_ 1A_0.OKA,4/12/2022 1:53:05 PM, 1-A,PM04A,ELI 271,"256    IF0a+Sodium Succinate/Ferric Citrate
257    IF0a+Sodium Succinate/Ferric Citrate
258    IF0a+Sodium Succinate/Ferric Citrate
259    IF0a+Sodium Succinate/Ferric Citrate
Name: Condition (Medium), dtype: object",E. coli,R1,40.5,28.4531,280.6595,290.6472,272.9269,301.2423,16.8057,11.1912,270.6437,260.0633,256.6937,271.4527,256.1596,271.2182,281.4916,286.1765,271.9096,293.2785,277.3001,281.2626,285.5085,305.815,276.131,270.9205,27.2004,278.8056,276.6092,311.1107,307.1968,102.7777,312.9009,275.4722,306.4789,45.9505,282.0186,271.3595,35.1233,277.5424,303.3243,272.028,276.0952,279.4244,274.3138,280.7305,273.2566,274.4138,277.5897,264.0252,34.5583,271.2028,263.1192,265.8941,260.6316,277.3943,28.6575,278.1119,41.5967,266.4568,266.5926,193.053,30.8379,136.585,256.3296,266.1203,286.0038,267.0421,260.8496,266.2624,259.8524,256.3306,243.3011,129.5923,271.4706,108.493,144.4875,247.2296,254.3048,266.6918,96.755,247.1823,215.2112,232.5102,217.7472,213.8461,87.2374,283.9081,215.9574,169.5044,148.7597,201.3286,265.1281,268.6726,147.5468,268.7293,276.5313,257.3829,118.9539
F:\projects\DP_Clinical_strains\DP Clinical Isolates results-20220505T053100Z-001\ DP Clinical Isolates results\ELI 271 R1_E. coli_E.coli_IF 0a - Na-Succinate-Fe Citrate_4_37_SBR_709_4#12#2022_A_ 1A_0.OKA,4/12/2022 1:53:05 PM, 1-A,PM04A,ELI 271,"256    IF0a+Sodium Succinate/Ferric Citrate
257    IF0a+Sodium Succinate/Ferric Citrate
258    IF0a+Sodium Succinate/Ferric Citrate
259    IF0a+Sodium Succinate/Ferric Citrate
Name: Condition (Medium), dtype: object",E. coli,R1,40.75,28.2835,278.1229,290.4389,275.8705,299.7253,16.5904,13.3155,270.5789,260.9348,252.7358,273.0275,254.2148,270.0021,279.3084,288.5739,274.3526,295.3196,278.0882,278.8767,282.8187,306.2712,275.4986,273.1317,26.9096,277.2947,274.9775,314.0591,309.1494,96.9884,314.0777,275.2159,303.6276,45.0075,282.8861,272.8599,34.2813,276.2429,303.3964,267.5836,274.97,279.7661,276.9133,283.6169,270.7743,274.009,275.5309,263.2902,33.2321,268.3766,262.2609,268.1026,260.8663,274.5656,21.7018,280.1285,34.6217,266.4689,265.0951,192.7616,30.3096,137.2262,252.4115,263.455,288.6968,266.4123,263.6733,269.2926,263.2731,258.5912,244.2481,131.1319,268.1413,109.2838,145.4354,248.965,254.6641,267.7451,92.9343,246.5468,220.7311,234.8679,217.7568,215.9458,84.7436,284.2482,216.497,165.7019,148.5148,195.0138,266.5574,264.8312,148.612,266.9266,273.1146,260.5809,123.124
F:\projects\DP_Clinical_strains\DP Clinical Isolates results-20220505T053100Z-001\ DP Clinical Isolates results\ELI 271 R1_E. coli_E.coli_IF 0a - Na-Succinate-Fe Citrate_4_37_SBR_709_4#12#2022_A_ 1A_0.OKA,4/12/2022 1:53:05 PM, 1-A,PM04A,ELI 271,"256    IF0a+Sodium Succinate/Ferric Citrate
257    IF0a+Sodium Succinate/Ferric Citrate
258    IF0a+Sodium Succinate/Ferric Citrate
259    IF0a+Sodium Succinate/Ferric Citrate
Name: Condition (Medium), dtype: object",E. coli,R1,41.0,26.3898,279.3711,290.5595,274.1726,298.9406,15.9906,11.0,271.5458,258.6984,255.1158,269.9433,252.1799,270.8577,279.2164,291.2177,274.9592,295.5661,279.6197,277.8426,283.296,303.8968,279.2816,271.1228,25.2731,276.519,274.7931,310.826,311.66,105.0626,317.8886,275.6653,304.3011,45.6932,283.4343,271.394,33.9265,271.0294,299.2014,271.9218,277.1941,279.5567,275.2638,282.7685,271.955,274.7273,277.7033,265.9301,29.9861,270.2866,261.9675,270.9949,260.9416,275.1337,24.652,278.6103,37.2692,267.5143,268.1718,195.6474,29.5068,130.4689,257.5955,263.3705,292.2444,268.3979,260.2961,271.7713,262.3049,258.0587,246.1705,128.7297,266.2209,107.9746,148.1303,248.3643,254.1631,266.1574,96.1102,247.3437,219.5574,235.9755,216.3648,210.8401,85.9659,283.0038,212.8302,168.9144,144.694,195.0459,264.7629,260.5499,145.6484,271.3551,274.9439,260.2469,121.0177
F:\projects\DP_Clinical_strains\DP Clinical Isolates results-20220505T053100Z-001\ DP Clinical Isolates results\ELI 271 R1_E. coli_E.coli_IF 0a - Na-Succinate-Fe Citrate_4_37_SBR_709_4#12#2022_A_ 1A_0.OKA,4/12/2022 1:53:05 PM, 1-A,PM04A,ELI 271,"256    IF0a+Sodium Succinate/Ferric Citrate
257    IF0a+Sodium Succinate/Ferric Citrate
258    IF0a+Sodium Succinate/Ferric Citrate
259    IF0a+Sodium Succinate/Ferric Citrate
Name: Condition (Medium), dtype: object",E. coli,R1,41.25,24.5533,277.0085,297.0535,275.2914,300.7539,14.2117,11.3483,271.5807,258.9776,256.9157,272.5816,253.653,268.4829,280.1363,290.7085,272.2687,296.8836,276.0866,281.0902,282.4879,305.5632,276.1742,270.9661,29.3161,278.1447,273.371,311.261,310.8946,107.1229,310.9129,276.613,303.1797,47.7451,287.449,271.2285,34.6792,277.4529,300.3562,271.0849,281.084,281.9363,275.1681,284.1486,275.0592,279.2087,278.6996,266.816,34.798,270.1828,260.9831,267.6514,263.9913,275.7592,30.1222,279.8756,36.3525,268.8998,266.7505,195.9531,29.9618,136.5738,256.5709,263.7696,288.1431,270.762,264.7651,266.9195,261.4345,259.3498,245.1314,131.7287,267.8747,107.2863,147.3409,250.9183,254.7879,268.9095,93.9033,246.2811,216.9625,236.6259,214.0939,208.4834,89.2609,283.7863,216.0258,171.8545,144.2898,193.1113,262.6388,266.2655,144.6712,268.4295,275.8158,258.6614,118.3203
F:\projects\DP_Clinical_strains\DP Clinical Isolates results-20220505T053100Z-001\ DP Clinical Isolates results\ELI 271 R1_E. coli_E.coli_IF 0a - Na-Succinate-Fe Citrate_4_37_SBR_709_4#12#2022_A_ 1A_0.OKA,4/12/2022 1:53:05 PM, 1-A,PM04A,ELI 271,"256    IF0a+Sodium Succinate/Ferric Citrate
257    IF0a+Sodium Succinate/Ferric Citrate
258    IF0a+Sodium Succinate/Ferric Citrate
259    IF0a+Sodium Succinate/Ferric Citrate
Name: Condition (Medium), dtype: object",E. coli,R1,41.5,26.0045,277.6816,289.2405,274.7705,298.0563,11.0,12.302,274.9414,254.8796,255.2946,272.6344,258.3976,268.9323,280.9099,288.8428,272.4951,299.2728,279.4482,284.6297,285.0538,306.0803,279.1926,271.9272,23.1446,277.1698,271.874,311.5765,310.7025,107.2343,312.0116,276.2376,303.648,47.1769,281.0,270.1402,35.2972,275.9096,301.5625,269.3499,279.0598,281.8774,278.046,281.1412,274.0728,274.0313,276.625,265.0058,36.5476,270.032,259.8599,267.8897,261.1332,275.1304,24.1369,279.0667,37.7397,265.9436,268.6598,193.1069,33.0965,137.5667,255.7837,265.3915,289.1824,269.1957,263.396,267.72,261.7601,256.8994,244.6131,131.3715,268.9199,106.0316,150.7612,248.8512,249.7436,265.9495,91.7529,245.8778,219.5992,239.03,215.7584,211.2692,86.5019,281.9025,215.7424,169.6468,143.581,192.753,267.2711,267.6294,146.8178,268.3752,275.344,261.4342,122.2039
F:\projects\DP_Clinical_strains\DP Clinical Isolates results-20220505T053100Z-001\ DP Clinical Isolates results\ELI 271 R1_E. coli_E.coli_IF 0a - Na-Succinate-Fe Citrate_4_37_SBR_709_4#12#2022_A_ 1A_0.OKA,4/12/2022 1:53:05 PM, 1-A,PM04A,ELI 271,"256    IF0a+Sodium Succinate/Ferric Citrate
257    IF0a+Sodium Succinate/Ferric Citrate
258    IF0a+Sodium Succinate/Ferric Citrate
259    IF0a+Sodium Succinate/Ferric Citrate
Name: Condition (Medium), dtype: object",E. coli,R1,41.75,24.0612,279.1297,291.1151,273.3433,300.3991,11.0,11.0,274.5257,261.6044,255.7482,273.1733,256.2605,269.6943,279.4858,291.6173,273.7789,298.6476,282.7255,282.3021,287.571,301.6231,278.0223,271.6247,27.3061,275.234,273.3397,312.5908,312.1791,110.3045,314.9957,277.4416,300.5622,46.6098,286.3947,274.1354,38.0455,275.7066,296.8951,273.5405,279.2487,283.0205,278.0565,284.5372,274.5652,276.0679,281.6041,269.7813,36.2874,270.551,260.6228,270.4612,264.4621,277.4998,21.7818,275.386,32.5154,269.9419,272.6945,201.189,32.4546,133.9147,256.0815,265.028,293.475,272.166,264.9517,270.8057,261.8417,262.0821,251.8576,133.3191,271.3991,111.6429,149.5188,249.1776,254.2542,269.6292,97.4564,249.347,225.018,238.6797,219.3989,215.8693,83.9994,282.5551,213.7838,172.2092,151.0205,196.0317,266.7537,267.9903,154.4476,270.278,278.4725,260.345,128.3505
F:\projects\DP_Clinical_strains\DP Clinical Isolates results-20220505T053100Z-001\ DP Clinical Isolates results\ELI 271 R1_E. coli_E.coli_IF 0a - Na-Succinate-Fe Citrate_4_37_SBR_709_4#12#2022_A_ 1A_0.OKA,4/12/2022 1:53:05 PM, 1-A,PM04A,ELI 271,"256    IF0a+Sodium Succinate/Ferric Citrate
257    IF0a+Sodium Succinate/Ferric Citrate
258    IF0a+Sodium Succinate/Ferric Citrate
259    IF0a+Sodium Succinate/Ferric Citrate
Name: Condition (Medium), dtype: object",E. coli,R1,42.0,27.8459,279.3079,294.0328,273.1616,301.4008,14.8929,13.0576,272.0934,259.5491,255.1672,271.0737,256.624,272.4904,279.8121,289.0542,275.3323,298.208,280.8122,284.4308,289.2309,302.2918,279.8685,272.9324,28.2405,278.8304,275.6972,310.8715,313.8779,108.288,314.6392,277.1325,300.8039,46.6974,283.8636,276.9023,36.4223,276.7221,296.7803,272.9764,279.8983,282.6192,279.9615,283.3983,274.7325,274.2635,281.3611,269.5987,34.8854,270.131,260.0938,271.8696,265.5006,278.722,26.5392,275.5382,36.7319,272.2189,268.5554,200.6718,31.6362,131.2596,255.7654,263.7367,292.3168,271.1134,263.2337,270.0745,263.7722,262.881,247.9881,133.2774,268.1959,111.0446,155.0099,250.7444,254.3955,268.3146,95.716,247.9823,223.6438,239.3682,218.5566,214.4701,89.903,284.5398,216.9164,173.5817,148.5196,196.208,268.7436,268.7039,151.837,271.3729,277.8544,261.2829,125.2532
F:\projects\DP_Clinical_strains\DP Clinical Isolates results-20220505T053100Z-001\ DP Clinical Isolates results\ELI 271 R1_E. coli_E.coli_IF 0a - Na-Succinate-Fe Citrate_4_37_SBR_709_4#12#2022_A_ 1A_0.OKA,4/12/2022 1:53:05 PM, 1-A,PM04A,ELI 271,"256    IF0a+Sodium Succinate/Ferric Citrate
257    IF0a+Sodium Succinate/Ferric Citrate
258    IF0a+Sodium Succinate/Ferric Citrate
259    IF0a+Sodium Succinate/Ferric Citrate
Name: Condition (Medium), dtype: object",E. coli,R1,42.25,24.9653,279.5733,289.9072,273.3276,300.0102,12.7045,11.0,273.8302,260.2288,254.4454,275.9846,255.4329,268.1015,277.3632,292.5277,280.0034,299.2188,281.8205,281.8044,292.6439,300.0828,280.2609,273.7404,29.9942,276.8214,271.0049,310.8298,312.241,115.2714,314.8503,278.0385,303.4579,49.7308,286.8093,275.5838,38.2246,275.8887,296.0882,273.782,279.6606,283.5606,278.7691,286.2841,274.5326,278.7354,286.8638,271.2553,37.4074,273.2055,262.3685,269.5549,264.9728,276.9248,28.5705,277.5709,35.0566,272.2354,268.8269,204.2966,32.2126,134.2891,255.7799,266.625,295.8319,271.2602,267.7702,271.9582,262.3171,265.0342,250.1364,136.1014,270.6817,112.9147,151.4009,248.8775,255.0802,269.9008,99.2467,251.125,230.5557,237.9346,219.9382,213.8105,88.264,284.6206,215.8758,172.5607,151.6955,196.9316,268.1028,270.6577,151.9538,271.0284,278.5732,264.141,128.0416
F:\projects\DP_Clinical_strains\DP Clinical Isolates results-20220505T053100Z-001\ DP Clinical Isolates results\ELI 271 R1_E. coli_E.coli_IF 0a - Na-Succinate-Fe Citrate_4_37_SBR_709_4#12#2022_A_ 1A_0.OKA,4/12/2022 1:53:05 PM, 1-A,PM04A,ELI 271,"256    IF0a+Sodium Succinate/Ferric Citrate
257    IF0a+Sodium Succinate/Ferric Citrate
258    IF0a+Sodium Succinate/Ferric Citrate
259    IF0a+Sodium Succinate/Ferric Citrate
Name: Condition (Medium), dtype: object",E. coli,R1,42.5,28.3977,278.7065,290.4739,275.0749,301.9536,15.846,11.254,274.892,258.8401,255.5785,271.9737,255.9993,271.5894,279.5515,296.4399,276.8038,298.4292,282.31,283.6821,287.5132,307.1189,278.0997,273.9014,25.2849,281.7451,275.3118,311.8319,314.1396,116.6088,318.1887,279.1862,305.8617,48.3436,285.0648,272.0424,36.5621,275.9508,305.7901,273.4346,278.8465,282.9655,278.7074,284.0214,274.5741,276.6015,276.0589,267.8688,30.8446,269.6672,264.3788,271.0435,262.8506,280.3215,26.6942,279.5178,41.3482,269.8869,267.5146,195.2473,30.6384,133.0192,259.9512,263.4267,292.068,271.3615,266.2048,271.9604,265.8797,257.9925,246.6429,130.8492,268.2853,110.0337,150.4115,246.5813,258.761,267.7531,95.7996,247.14,219.7937,237.8385,220.3533,213.5897,85.2768,285.8092,214.8389,173.029,147.6049,198.6766,264.1453,267.5519,146.4484,271.4765,275.334,259.6174,119.6706
F:\projects\DP_Clinical_strains\DP Clinical Isolates results-20220505T053100Z-001\ DP Clinical Isolates results\ELI 271 R1_E. coli_E.coli_IF 0a - Na-Succinate-Fe Citrate_4_37_SBR_709_4#12#2022_A_ 1A_0.OKA,4/12/2022 1:53:05 PM, 1-A,PM04A,ELI 271,"256    IF0a+Sodium Succinate/Ferric Citrate
257    IF0a+Sodium Succinate/Ferric Citrate
258    IF0a+Sodium Succinate/Ferric Citrate
259    IF0a+Sodium Succinate/Ferric Citrate
Name: Condition (Medium), dtype: object",E. coli,R1,42.75,27.3168,278.4626,292.2692,277.467,301.3864,11.4828,13.2734,271.7077,260.4794,256.9079,272.5409,256.1571,272.3023,279.6196,292.9249,276.319,299.186,281.1449,281.2885,286.9359,306.512,279.2915,272.1037,26.2882,279.7794,273.4765,313.4761,315.9146,117.4192,315.3245,276.5494,306.944,51.9627,283.5702,274.5138,33.1774,280.0319,302.1661,274.25,281.0231,280.5962,277.1826,286.8331,275.9893,273.132,277.7248,267.0133,35.147,268.3741,265.0943,267.9478,262.8376,278.7547,22.4479,280.8801,38.6361,268.0235,267.935,195.3202,30.5991,133.4476,253.419,267.1796,290.405,268.2377,268.2987,272.4701,263.1783,255.744,243.5898,130.4833,270.4377,112.7266,146.1384,250.1196,254.4879,269.1073,94.0767,247.3013,216.9006,237.1826,217.1015,211.1277,83.0459,281.2933,214.6377,171.6023,144.4106,195.4525,263.2621,267.9752,144.917,269.9445,278.3672,262.7308,123.7956
F:\projects\DP_Clinical_strains\DP Clinical Isolates results-20220505T053100Z-001\ DP Clinical Isolates results\ELI 271 R1_E. coli_E.coli_IF 0a - Na-Succinate-Fe Citrate_4_37_SBR_709_4#12#2022_A_ 1A_0.OKA,4/12/2022 1:53:05 PM, 1-A,PM04A,ELI 271,"256    IF0a+Sodium Succinate/Ferric Citrate
257    IF0a+Sodium Succinate/Ferric Citrate
258    IF0a+Sodium Succinate/Ferric Citrate
259    IF0a+Sodium Succinate/Ferric Citrate
Name: Condition (Medium), dtype: object",E. coli,R1,43.0,28.836,279.8158,292.3907,277.3633,302.0187,14.4163,13.4444,270.5386,258.4684,261.218,273.3268,256.471,270.3546,279.5124,293.4279,276.4064,300.1294,283.7978,281.3212,288.6071,311.1395,276.7237,272.1642,24.126,279.5963,277.7108,313.4422,312.1585,125.0189,317.2495,281.081,309.1862,52.8361,287.7346,275.8356,34.057,283.9127,309.6625,274.6704,283.0784,283.9623,279.4753,283.2726,277.0482,277.1805,278.195,268.9827,34.7145,267.9979,264.1868,268.9681,263.1262,280.9777,27.6475,280.6151,34.776,268.8736,267.3069,195.6713,32.7821,135.4113,257.7415,266.6916,292.4574,273.3853,265.5275,269.1127,264.8734,259.43,245.9229,131.247,269.7357,104.8758,145.5747,249.3711,256.3412,267.866,93.1114,245.5959,218.2391,235.6858,217.8197,214.0099,84.7117,285.6154,216.5106,166.5234,146.9014,202.758,266.1037,265.1385,147.6556,268.0153,276.9917,262.8771,123.4765
F:\projects\DP_Clinical_strains\DP Clinical Isolates results-20220505T053100Z-001\ DP Clinical Isolates results\ELI 271 R1_E. coli_E.coli_IF 0a - Na-Succinate-Fe Citrate_4_37_SBR_709_4#12#2022_A_ 1A_0.OKA,4/12/2022 1:53:05 PM, 1-A,PM04A,ELI 271,"256    IF0a+Sodium Succinate/Ferric Citrate
257    IF0a+Sodium Succinate/Ferric Citrate
258    IF0a+Sodium Succinate/Ferric Citrate
259    IF0a+Sodium Succinate/Ferric Citrate
Name: Condition (Medium), dtype: object",E. coli,R1,43.25,30.2152,279.9218,290.7072,278.3926,301.7202,14.2988,11.6354,274.2547,260.9513,259.6587,274.3587,255.2701,271.955,281.5377,291.8423,278.0971,301.3097,281.359,283.1381,290.1119,313.8526,279.6199,272.7332,23.0428,279.5019,276.3629,312.7437,313.1403,122.7591,315.0551,281.7805,306.0121,50.4472,286.4559,273.2087,38.6595,280.6767,306.3466,275.4001,284.2686,281.6525,278.6766,285.1967,275.5602,276.3264,277.7989,266.5172,32.4824,268.8638,263.6398,270.9199,266.0,284.2434,25.2012,280.0609,39.836,271.4145,269.2182,196.651,30.4764,137.5627,257.1443,265.5921,294.8133,267.7623,265.9872,273.1656,264.2732,258.1325,245.6844,127.2632,265.5869,108.9655,148.6187,246.9483,255.8062,270.2969,93.2664,247.8473,220.4734,235.0642,217.5145,212.9796,83.7645,281.5807,214.2352,171.2784,146.4097,197.9937,265.5903,264.2825,144.0792,272.0344,277.5653,261.6628,118.6299
F:\projects\DP_Clinical_strains\DP Clinical Isolates results-20220505T053100Z-001\ DP Clinical Isolates results\ELI 271 R1_E. coli_E.coli_IF 0a - Na-Succinate-Fe Citrate_4_37_SBR_709_4#12#2022_A_ 1A_0.OKA,4/12/2022 1:53:05 PM, 1-A,PM04A,ELI 271,"256    IF0a+Sodium Succinate/Ferric Citrate
257    IF0a+Sodium Succinate/Ferric Citrate
258    IF0a+Sodium Succinate/Ferric Citrate
259    IF0a+Sodium Succinate/Ferric Citrate
Name: Condition (Medium), dtype: object",E. coli,R1,43.5,26.3367,281.1899,293.8051,276.3781,301.4231,15.2894,15.6134,273.0035,260.1654,257.9044,272.4472,254.1633,271.723,285.3328,294.3127,277.5429,302.6685,284.5523,285.0558,291.803,313.2453,278.8593,273.0974,27.56,280.5084,276.5652,313.7072,312.4952,123.8921,314.8613,282.9199,308.1489,49.562,285.548,278.1705,32.2762,279.1767,305.9552,272.4374,280.382,283.7621,277.6655,284.6506,275.82,274.2301,277.4164,269.4036,35.5916,269.5294,263.7882,271.6546,264.7754,277.9674,27.6852,279.3442,34.369,267.8526,265.1227,195.218,31.5711,134.5309,260.0504,267.4202,292.0146,270.3745,265.8529,270.5005,264.9749,258.1548,246.7981,131.8822,270.6801,111.1312,148.1585,247.5342,254.2551,270.3992,95.9806,252.7888,219.7272,235.2459,216.0198,213.3685,80.3065,284.3004,215.5157,173.7785,145.888,197.8763,267.9293,267.7944,147.4357,270.9489,275.7174,260.9084,118.6091
F:\projects\DP_Clinical_strains\DP Clinical Isolates results-20220505T053100Z-001\ DP Clinical Isolates results\ELI 271 R1_E. coli_E.coli_IF 0a - Na-Succinate-Fe Citrate_4_37_SBR_709_4#12#2022_A_ 1A_0.OKA,4/12/2022 1:53:05 PM, 1-A,PM04A,ELI 271,"256    IF0a+Sodium Succinate/Ferric Citrate
257    IF0a+Sodium Succinate/Ferric Citrate
258    IF0a+Sodium Succinate/Ferric Citrate
259    IF0a+Sodium Succinate/Ferric Citrate
Name: Condition (Medium), dtype: object",E. coli,R1,43.75,29.0919,279.7972,293.8254,276.4374,301.9982,15.8182,13.9142,273.411,260.7261,258.0893,274.1116,258.3181,271.9286,280.6532,295.137,279.0444,302.4543,283.0422,283.6686,292.1625,310.7521,281.578,276.9991,28.2264,280.4732,274.1651,312.8959,314.9679,128.1538,317.4049,281.6874,306.802,46.9822,286.8203,274.9186,30.633,280.0333,306.0988,274.3878,281.3849,281.5855,279.6159,285.1393,275.6031,277.7132,279.4789,270.0649,36.3969,269.6725,263.325,270.9654,264.1501,279.3583,29.8198,281.922,36.4811,270.3009,270.1908,195.7123,30.287,137.2953,257.3685,267.6133,294.6129,269.9325,266.1976,270.9292,266.4572,261.1069,245.8769,129.5368,269.223,113.5353,148.1734,250.1857,258.2816,268.1084,97.3703,246.4751,222.1781,237.7558,218.0272,212.4604,84.1457,285.6549,220.0523,173.2379,145.9337,198.5949,265.3748,266.5653,143.6875,271.2397,275.4066,263.8958,117.3385
F:\projects\DP_Clinical_strains\DP Clinical Isolates results-20220505T053100Z-001\ DP Clinical Isolates results\ELI 271 R1_E. coli_E.coli_IF 0a - Na-Succinate-Fe Citrate_4_37_SBR_709_4#12#2022_A_ 1A_0.OKA,4/12/2022 1:53:05 PM, 1-A,PM04A,ELI 271,"256    IF0a+Sodium Succinate/Ferric Citrate
257    IF0a+Sodium Succinate/Ferric Citrate
258    IF0a+Sodium Succinate/Ferric Citrate
259    IF0a+Sodium Succinate/Ferric Citrate
Name: Condition (Medium), dtype: object",E. coli,R1,44.0,24.4508,281.5468,292.1222,277.2639,300.9424,11.0,11.7945,274.4432,258.0085,257.5832,273.1228,257.4775,269.0895,279.5298,295.4498,276.4838,302.4715,280.8494,286.6956,289.9778,311.585,279.9475,275.3767,27.8478,281.5625,276.9523,311.2707,313.8841,127.3029,318.8336,280.645,309.184,52.0215,285.1629,274.1266,31.632,278.4442,308.616,276.5465,281.0947,283.7765,282.0127,285.0604,276.1086,274.2282,276.9594,269.1446,31.5049,265.8745,263.1434,271.1166,264.3309,283.4812,26.7116,280.8788,35.1255,269.4878,267.0531,192.7303,30.2841,133.5504,258.0382,266.9792,291.4294,270.3061,266.9971,270.6513,264.4258,256.0901,246.5909,127.4922,269.0584,110.3523,150.1653,248.9377,259.3084,270.3167,93.6885,248.4218,218.0011,237.4557,217.1521,211.2686,84.3945,286.3934,216.2286,170.6221,141.8718,200.7125,266.3192,265.9609,142.7325,272.1113,277.149,260.9752,117.7886
F:\projects\DP_Clinical_strains\DP Clinical Isolates results-20220505T053100Z-001\ DP Clinical Isolates results\ELI 271 R1_E. coli_E.coli_IF 0a - Na-Succinate-Fe Citrate_4_37_SBR_709_4#12#2022_A_ 1A_0.OKA,4/12/2022 1:53:05 PM, 1-A,PM04A,ELI 271,"256    IF0a+Sodium Succinate/Ferric Citrate
257    IF0a+Sodium Succinate/Ferric Citrate
258    IF0a+Sodium Succinate/Ferric Citrate
259    IF0a+Sodium Succinate/Ferric Citrate
Name: Condition (Medium), dtype: object",E. coli,R1,44.25,27.4148,279.624,289.1494,276.527,304.5369,13.4871,16.7518,274.8893,258.4671,258.4849,274.1516,255.7462,272.4951,280.4615,295.1619,278.8708,304.196,284.3211,287.722,292.1702,310.3135,280.7122,273.5212,27.603,278.7604,277.053,315.0325,316.4776,136.4177,317.6571,279.6697,306.5497,51.7271,287.6317,275.7526,34.2239,280.5228,307.5503,273.831,279.8203,283.296,283.3607,286.8934,275.7175,278.9946,277.7097,271.0643,34.3239,267.992,265.9173,272.2451,264.7668,280.396,27.4536,279.9865,37.9051,267.82,267.2138,196.7183,28.3033,132.8518,260.2807,265.3575,293.8082,269.7558,263.7757,274.2659,267.9098,260.9593,249.7099,133.0668,269.0188,105.7278,146.4296,251.3803,259.7394,271.4576,91.6252,248.2312,219.3365,236.9878,216.5397,215.2042,87.3735,284.6663,216.6039,169.1072,144.0573,202.8778,266.0657,267.5406,149.8817,271.757,275.2326,260.9232,121.6212
F:\projects\DP_Clinical_strains\DP Clinical Isolates results-20220505T053100Z-001\ DP Clinical Isolates results\ELI 271 R1_E. coli_E.coli_IF 0a - Na-Succinate-Fe Citrate_4_37_SBR_709_4#12#2022_A_ 1A_0.OKA,4/12/2022 1:53:05 PM, 1-A,PM04A,ELI 271,"256    IF0a+Sodium Succinate/Ferric Citrate
257    IF0a+Sodium Succinate/Ferric Citrate
258    IF0a+Sodium Succinate/Ferric Citrate
259    IF0a+Sodium Succinate/Ferric Citrate
Name: Condition (Medium), dtype: object",E. coli,R1,44.5,27.267,279.665,294.0217,273.5351,301.4258,17.0714,15.7296,273.5555,260.5186,258.1802,272.7643,256.3776,268.3444,281.5059,297.8185,279.552,303.4283,285.8745,289.2021,291.4481,307.2679,281.172,274.4051,25.5338,278.2411,276.4857,313.4837,313.9609,131.5353,316.8648,282.3371,309.2456,51.8322,285.7152,275.5296,34.2138,278.7509,306.121,274.5119,280.2316,284.5492,280.9489,286.4146,276.4647,274.6211,280.6098,270.315,36.2191,269.5728,264.8459,271.8153,268.0688,280.6349,26.5087,281.0944,36.21,270.4767,269.4969,199.6715,35.2662,129.6235,260.3849,266.443,295.4861,271.7629,267.3878,269.9563,264.8489,261.0536,249.4385,130.8967,268.1934,109.9786,145.9642,252.8154,256.3424,269.364,95.0461,249.9139,221.3119,238.5928,218.1811,214.7814,83.8848,282.8535,217.5299,169.7393,148.3946,200.1962,266.9585,266.1619,151.9604,268.7266,278.356,260.9406,123.2143
F:\projects\DP_Clinical_strains\DP Clinical Isolates results-20220505T053100Z-001\ DP Clinical Isolates results\ELI 271 R1_E. coli_E.coli_IF 0a - Na-Succinate-Fe Citrate_4_37_SBR_709_4#12#2022_A_ 1A_0.OKA,4/12/2022 1:53:05 PM, 1-A,PM04A,ELI 271,"256    IF0a+Sodium Succinate/Ferric Citrate
257    IF0a+Sodium Succinate/Ferric Citrate
258    IF0a+Sodium Succinate/Ferric Citrate
259    IF0a+Sodium Succinate/Ferric Citrate
Name: Condition (Medium), dtype: object",E. coli,R1,44.75,33.2767,280.7881,293.888,277.0331,304.8895,14.1078,11.3178,274.7931,261.2517,256.6009,274.0103,256.3397,273.6989,279.4641,297.674,278.4806,305.6867,282.0925,287.2596,291.8399,311.3065,281.2852,276.8592,28.7877,280.62,277.7352,318.3307,317.595,136.6842,320.3831,282.1856,309.4261,49.94,290.1433,277.0685,35.7268,277.8182,306.1273,274.7035,281.3511,284.3154,280.7483,287.6004,279.6764,278.4819,284.6266,270.0144,36.7967,270.7847,267.0047,273.8568,265.1066,282.3021,32.1455,283.0013,40.9345,272.2797,269.9979,200.5079,32.8518,136.0219,261.4283,270.418,297.3148,272.5529,265.4914,273.0289,265.5187,261.535,246.7523,133.8701,273.0458,110.223,149.8675,249.8736,258.2999,272.3061,94.3024,248.7942,225.18,237.4496,218.956,214.1484,88.6606,282.6274,221.157,168.4733,146.1839,198.0816,267.5295,266.9394,146.5928,271.2854,280.3791,262.1584,123.9382
F:\projects\DP_Clinical_strains\DP Clinical Isolates results-20220505T053100Z-001\ DP Clinical Isolates results\ELI 271 R1_E. coli_E.coli_IF 0a - Na-Succinate-Fe Citrate_4_37_SBR_709_4#12#2022_A_ 1A_0.OKA,4/12/2022 1:53:05 PM, 1-A,PM04A,ELI 271,"256    IF0a+Sodium Succinate/Ferric Citrate
257    IF0a+Sodium Succinate/Ferric Citrate
258    IF0a+Sodium Succinate/Ferric Citrate
259    IF0a+Sodium Succinate/Ferric Citrate
Name: Condition (Medium), dtype: object",E. coli,R1,45.0,27.4652,281.7356,295.0588,277.1676,305.9058,17.8393,17.5658,272.8,261.1623,260.4768,274.2127,255.8427,272.3675,286.527,296.3084,283.1451,304.5247,286.0734,287.677,292.3904,310.3968,282.4381,276.9684,32.5302,280.1374,276.4106,318.4893,316.7183,139.325,318.2935,281.6866,310.4176,53.2315,289.6625,276.0639,35.6314,279.0951,307.011,277.8634,281.5328,286.2557,281.3406,290.4996,276.282,277.8561,280.8823,270.9539,37.8699,269.4586,264.6641,273.632,265.1673,281.5725,29.3813,283.5261,34.0387,271.5474,270.9187,200.0114,31.408,137.0461,259.7479,268.2814,296.6605,270.6542,270.4633,273.5386,265.4095,259.0769,251.1622,135.1559,275.4656,110.9796,146.3648,252.7649,259.756,270.9496,100.4261,249.8733,226.5617,241.009,217.7647,216.8126,84.9397,284.3297,218.6108,174.209,143.9513,200.0887,268.6034,269.485,149.4376,269.9533,277.1151,262.4272,121.9229
F:\projects\DP_Clinical_strains\DP Clinical Isolates results-20220505T053100Z-001\ DP Clinical Isolates results\ELI 271 R1_E. coli_E.coli_IF 0a - Na-Succinate-Fe Citrate_4_37_SBR_709_4#12#2022_A_ 1A_0.OKA,4/12/2022 1:53:05 PM, 1-A,PM04A,ELI 271,"256    IF0a+Sodium Succinate/Ferric Citrate
257    IF0a+Sodium Succinate/Ferric Citrate
258    IF0a+Sodium Succinate/Ferric Citrate
259    IF0a+Sodium Succinate/Ferric Citrate
Name: Condition (Medium), dtype: object",E. coli,R1,45.25,25.8442,281.7368,296.1281,280.1625,303.6151,14.6721,13.8131,276.7076,261.0806,258.6335,274.0447,255.8287,271.4043,281.6614,296.5769,282.5642,305.4499,285.0717,288.447,293.3069,309.8942,282.5891,275.8166,29.1092,281.1952,278.4792,317.2623,319.985,139.3226,318.6005,284.0187,308.6626,53.8853,287.1373,274.717,37.576,279.3265,308.8833,275.9294,280.3779,285.3586,282.3731,288.8589,277.818,277.1224,283.9863,273.8999,35.8297,270.3013,263.7209,275.4479,268.729,283.9453,29.2264,282.4471,37.4616,271.6465,271.1301,199.6352,31.4683,136.4327,257.1297,270.2687,297.9653,272.3155,267.8646,276.7529,268.1062,261.9644,249.8013,132.6535,271.6378,110.5832,149.5083,255.4402,256.9666,271.8967,99.931,250.1618,224.5886,241.9261,222.019,217.2963,87.9477,282.1887,216.6156,172.1029,144.8345,198.9104,269.5977,268.6453,149.2401,272.1333,279.5551,264.4254,121.4858
F:\projects\DP_Clinical_strains\DP Clinical Isolates results-20220505T053100Z-001\ DP Clinical Isolates results\ELI 271 R1_E. coli_E.coli_IF 0a - Na-Succinate-Fe Citrate_4_37_SBR_709_4#12#2022_A_ 1A_0.OKA,4/12/2022 1:53:05 PM, 1-A,PM04A,ELI 271,"256    IF0a+Sodium Succinate/Ferric Citrate
257    IF0a+Sodium Succinate/Ferric Citrate
258    IF0a+Sodium Succinate/Ferric Citrate
259    IF0a+Sodium Succinate/Ferric Citrate
Name: Condition (Medium), dtype: object",E. coli,R1,45.5,26.5212,284.5534,293.6699,280.6429,306.1663,12.7452,16.6941,274.779,263.0868,257.193,273.0979,257.5845,273.0542,286.7701,297.5977,284.0324,305.1743,286.5166,287.0381,297.8953,311.0891,283.1974,274.0639,27.8524,280.7693,277.3965,315.0255,320.5675,143.5137,318.0493,282.2448,309.054,53.7139,291.0611,276.3595,36.4258,279.0793,309.5123,277.4189,281.3965,284.5684,282.9659,289.5873,277.0214,278.7825,279.6626,272.6826,35.2962,268.9552,265.554,274.5804,267.0333,284.0518,29.2566,283.4008,40.1577,272.4545,268.604,198.459,30.8689,134.3331,261.0372,268.8574,297.0161,273.5808,267.6328,271.0435,265.6515,261.0444,248.2933,138.7054,270.9929,109.6742,148.6311,253.2224,258.8224,268.6456,97.2081,250.5702,224.4419,238.0097,221.5655,218.4533,86.9066,285.1269,214.7942,170.9366,147.0722,201.4478,264.1461,268.8193,151.3458,273.8243,275.7773,264.1474,118.0021
F:\projects\DP_Clinical_strains\DP Clinical Isolates results-20220505T053100Z-001\ DP Clinical Isolates results\ELI 271 R1_E. coli_E.coli_IF 0a - Na-Succinate-Fe Citrate_4_37_SBR_709_4#12#2022_A_ 1A_0.OKA,4/12/2022 1:53:05 PM, 1-A,PM04A,ELI 271,"256    IF0a+Sodium Succinate/Ferric Citrate
257    IF0a+Sodium Succinate/Ferric Citrate
258    IF0a+Sodium Succinate/Ferric Citrate
259    IF0a+Sodium Succinate/Ferric Citrate
Name: Condition (Medium), dtype: object",E. coli,R1,45.75,28.947,283.8008,292.8775,276.272,306.0487,13.1274,13.8306,275.8587,262.3977,257.2096,270.9761,259.7775,273.5037,282.6863,300.6942,284.9554,305.8692,287.2885,288.423,292.0058,309.0314,286.386,277.7867,28.1106,282.1019,276.7497,318.8958,319.6945,144.0769,318.6315,281.9319,308.269,55.5131,291.1387,277.5121,37.6223,278.5671,308.4871,275.2986,287.4594,284.0974,279.9841,288.2554,276.4996,278.0509,284.1958,273.7777,36.3507,270.7274,269.5298,274.7364,266.1731,283.8807,26.4877,279.1317,40.9675,274.1798,271.8049,202.6778,29.3838,130.4836,259.6888,270.4422,300.6484,275.8243,273.2728,274.7133,269.0165,265.3601,252.2325,135.9539,273.0401,110.2952,152.0911,257.8776,257.4909,274.4329,96.44,254.8847,228.7913,238.43,221.4504,215.7623,90.7517,284.0193,221.127,170.7369,146.7516,198.0278,266.8733,266.7321,154.7429,273.8826,279.7071,264.255,119.6799
F:\projects\DP_Clinical_strains\DP Clinical Isolates results-20220505T053100Z-001\ DP Clinical Isolates results\ELI 271 R1_E. coli_E.coli_IF 0a - Na-Succinate-Fe Citrate_4_37_SBR_709_4#12#2022_A_ 1A_0.OKA,4/12/2022 1:53:05 PM, 1-A,PM04A,ELI 271,"256    IF0a+Sodium Succinate/Ferric Citrate
257    IF0a+Sodium Succinate/Ferric Citrate
258    IF0a+Sodium Succinate/Ferric Citrate
259    IF0a+Sodium Succinate/Ferric Citrate
Name: Condition (Medium), dtype: object",E. coli,R1,46.0,24.9339,285.2572,297.0822,278.9382,305.7793,20.3101,13.2623,277.8132,262.5987,262.1032,277.4287,259.6484,272.2152,281.8753,298.1613,284.5639,306.7757,289.3577,287.6046,294.1248,311.1478,283.0747,275.7799,30.5871,279.6166,276.1982,317.941,319.8926,147.4054,319.3724,282.7093,309.0548,53.6518,287.809,278.7847,39.4292,281.6938,306.7386,277.666,286.9129,287.4389,284.9405,290.0074,281.2189,276.9941,287.2885,275.1935,33.4659,272.0624,267.9664,273.3365,270.3513,285.6671,28.498,280.7548,40.3644,273.7107,271.9823,203.0637,33.841,131.7638,259.4142,267.1256,298.4237,273.9478,268.7249,274.1195,269.8622,262.7514,250.2277,134.2139,272.5751,110.7958,149.9982,252.2956,258.271,272.6234,96.421,254.2376,224.1586,239.5125,221.9362,215.1721,85.9258,284.0753,219.542,175.6349,144.5997,200.0959,266.6942,268.9077,148.7566,271.24,276.4233,267.5829,119.6239
F:\projects\DP_Clinical_strains\DP Clinical Isolates results-20220505T053100Z-001\ DP Clinical Isolates results\ELI 271 R1_E. coli_E.coli_IF 0a - Na-Succinate-Fe Citrate_4_37_SBR_709_4#12#2022_A_ 1A_0.OKA,4/12/2022 1:53:05 PM, 1-A,PM04A,ELI 271,"256    IF0a+Sodium Succinate/Ferric Citrate
257    IF0a+Sodium Succinate/Ferric Citrate
258    IF0a+Sodium Succinate/Ferric Citrate
259    IF0a+Sodium Succinate/Ferric Citrate
Name: Condition (Medium), dtype: object",E. coli,R1,46.25,29.6287,281.6003,292.9657,278.9307,308.615,18.1698,13.1024,276.44,261.7529,258.4676,275.0085,256.1723,274.131,285.2716,295.3196,282.0249,305.1913,290.2387,288.7813,297.1312,311.8501,284.0852,275.8166,29.0035,280.1415,279.0392,315.9239,316.7973,152.5384,316.4197,283.0217,309.4869,51.9219,289.2625,279.7399,33.7552,279.8029,307.1741,275.4283,286.3323,284.7321,284.5618,287.962,280.3931,280.4512,282.5431,274.8302,36.2932,270.288,268.8492,273.9357,268.7539,283.3589,31.1213,281.8477,40.1398,274.2143,271.3495,204.7616,32.7117,132.1291,262.9478,267.7715,299.5191,273.5425,269.5028,274.0539,267.3407,260.221,247.7056,132.3701,272.5045,112.3979,154.0113,253.7878,258.6234,269.6655,94.4296,252.4523,224.7148,239.0746,223.2108,215.5331,85.4749,284.6249,218.6279,175.7205,150.8172,199.507,268.5194,269.6037,150.1044,271.5606,277.0978,265.2029,124.3013
F:\projects\DP_Clinical_strains\DP Clinical Isolates results-20220505T053100Z-001\ DP Clinical Isolates results\ELI 271 R1_E. coli_E.coli_IF 0a - Na-Succinate-Fe Citrate_4_37_SBR_709_4#12#2022_A_ 1A_0.OKA,4/12/2022 1:53:05 PM, 1-A,PM04A,ELI 271,"256    IF0a+Sodium Succinate/Ferric Citrate
257    IF0a+Sodium Succinate/Ferric Citrate
258    IF0a+Sodium Succinate/Ferric Citrate
259    IF0a+Sodium Succinate/Ferric Citrate
Name: Condition (Medium), dtype: object",E. coli,R1,46.5,28.9049,283.2987,295.2994,278.662,306.8233,17.6296,13.2215,275.0881,263.6048,259.9632,271.8914,258.3004,273.23,285.2109,299.1219,286.9029,307.833,288.2685,290.5859,297.257,312.2658,282.4665,276.1517,27.1989,282.6826,281.2023,318.3784,319.1488,152.6021,318.9059,285.0981,312.2778,53.2857,291.1266,279.5562,36.9,279.627,309.653,274.6008,282.8431,287.4563,283.2666,290.1922,281.3033,280.3119,284.3342,275.6208,35.5546,269.9344,266.0191,274.8233,267.6945,282.8705,23.6611,283.1667,39.6709,272.2437,271.659,199.8431,29.2779,136.3976,258.472,269.9095,299.551,274.5906,270.7187,273.9655,267.3902,261.5536,250.5732,131.4391,270.731,109.2807,153.6292,257.104,260.7759,271.2491,95.3231,252.7151,224.4153,241.2934,218.9684,214.2366,83.4876,285.6305,217.9243,174.0891,146.6572,200.6577,266.9266,268.3195,146.63,271.306,278.5659,264.9464,118.7989
F:\projects\DP_Clinical_strains\DP Clinical Isolates results-20220505T053100Z-001\ DP Clinical Isolates results\ELI 271 R1_E. coli_E.coli_IF 0a - Na-Succinate-Fe Citrate_4_37_SBR_709_4#12#2022_A_ 1A_0.OKA,4/12/2022 1:53:05 PM, 1-A,PM04A,ELI 271,"256    IF0a+Sodium Succinate/Ferric Citrate
257    IF0a+Sodium Succinate/Ferric Citrate
258    IF0a+Sodium Succinate/Ferric Citrate
259    IF0a+Sodium Succinate/Ferric Citrate
Name: Condition (Medium), dtype: object",E. coli,R1,46.75,31.2928,284.6695,295.1734,277.8948,308.7271,16.905,16.4556,275.3607,265.0329,261.7265,274.8382,259.9021,274.5807,285.1216,300.9268,288.0387,310.7534,289.3403,293.5019,298.2874,311.9545,282.1131,276.4715,29.9803,286.8183,284.3004,319.1935,320.8181,155.8461,315.446,285.2636,313.8995,53.2986,291.0349,279.2127,34.575,285.0532,311.9842,274.6965,285.3044,287.3946,287.2578,289.0047,281.1154,277.9489,281.402,271.1527,35.9567,268.1955,267.7346,275.9688,267.7655,287.9957,31.0255,280.7207,35.1257,271.6156,272.4254,199.1338,32.2047,135.6471,263.3567,272.353,298.1075,273.9096,267.2655,276.7491,266.3735,260.0035,250.11,130.5273,272.7453,111.4637,149.1453,257.1124,257.745,273.4926,97.9201,253.727,226.0622,239.3367,221.3752,214.187,86.6752,285.2059,217.9511,168.2247,144.1718,201.5248,266.647,268.7853,144.3225,273.5603,281.5262,263.4708,118.062
F:\projects\DP_Clinical_strains\DP Clinical Isolates results-20220505T053100Z-001\ DP Clinical Isolates results\ELI 271 R1_E. coli_E.coli_IF 0a - Na-Succinate-Fe Citrate_4_37_SBR_709_4#12#2022_A_ 1A_0.OKA,4/12/2022 1:53:05 PM, 1-A,PM04A,ELI 271,"256    IF0a+Sodium Succinate/Ferric Citrate
257    IF0a+Sodium Succinate/Ferric Citrate
258    IF0a+Sodium Succinate/Ferric Citrate
259    IF0a+Sodium Succinate/Ferric Citrate
Name: Condition (Medium), dtype: object",E. coli,R1,47.0,31.4309,282.7689,295.7051,278.9579,307.0199,14.7171,12.6227,276.7547,262.3721,261.0356,273.9272,255.1723,272.9015,287.5963,300.4195,285.7112,308.4649,289.7371,290.982,297.9425,315.0919,285.2119,274.6809,26.8833,284.9063,285.6971,318.0861,319.7774,153.357,316.4283,286.4079,310.0252,55.2787,293.5034,279.7861,36.4113,284.0382,311.0702,278.1125,284.3191,287.0972,285.7342,287.0169,278.0946,278.5856,279.8625,270.2745,32.996,267.4177,270.7486,272.046,269.65,287.7722,27.3329,280.7708,35.5902,272.0322,270.5031,199.4964,30.1363,133.0239,262.5449,267.9087,297.364,275.3342,270.4247,275.6952,268.1144,262.2742,248.7485,131.3869,271.5706,108.3203,149.1071,253.4983,261.4326,272.2638,93.9899,251.5275,221.4991,236.8141,218.9931,215.1254,82.2321,284.505,215.5325,170.8005,142.9623,200.2218,268.2069,267.4935,146.5896,268.0815,277.0798,265.0574,111.6824
F:\projects\DP_Clinical_strains\DP Clinical Isolates results-20220505T053100Z-001\ DP Clinical Isolates results\ELI 271 R1_E. coli_E.coli_IF 0a - Na-Succinate-Fe Citrate_4_37_SBR_709_4#12#2022_A_ 1A_0.OKA,4/12/2022 1:53:05 PM, 1-A,PM04A,ELI 271,"256    IF0a+Sodium Succinate/Ferric Citrate
257    IF0a+Sodium Succinate/Ferric Citrate
258    IF0a+Sodium Succinate/Ferric Citrate
259    IF0a+Sodium Succinate/Ferric Citrate
Name: Condition (Medium), dtype: object",E. coli,R1,47.25,26.6332,281.6893,294.5309,281.5057,308.2149,18.1712,14.7378,278.0057,264.6817,260.9078,274.3847,257.0269,272.7903,285.2189,299.0366,287.8622,309.0803,291.7187,289.3107,298.2448,311.9572,284.1216,276.684,25.5341,282.7845,281.6374,321.0207,322.0681,160.8271,321.842,284.9002,310.3191,53.5443,290.0607,279.6297,40.5548,279.3685,308.5547,277.4001,287.3344,288.0458,287.856,292.0438,280.2958,279.2524,286.9401,278.6619,37.9676,271.9825,267.6794,280.4199,268.9098,284.203,29.7073,285.6198,39.0559,276.3206,276.9593,205.475,33.2732,136.3926,264.1367,268.8098,297.6302,274.336,272.6023,278.1765,270.5278,264.0484,251.9339,137.4613,270.5984,112.4798,150.1146,254.9899,262.8364,274.2599,99.7281,257.4474,228.6705,242.9524,224.0994,217.1897,85.0098,284.6677,216.6367,171.5717,149.3359,201.2309,268.8211,268.2497,148.8676,274.6056,279.9639,265.8831,125.0929
F:\projects\DP_Clinical_strains\DP Clinical Isolates results-20220505T053100Z-001\ DP Clinical Isolates results\ELI 271 R1_E. coli_E.coli_IF 0a - Na-Succinate-Fe Citrate_4_37_SBR_709_4#12#2022_A_ 1A_0.OKA,4/12/2022 1:53:05 PM, 1-A,PM04A,ELI 271,"256    IF0a+Sodium Succinate/Ferric Citrate
257    IF0a+Sodium Succinate/Ferric Citrate
258    IF0a+Sodium Succinate/Ferric Citrate
259    IF0a+Sodium Succinate/Ferric Citrate
Name: Condition (Medium), dtype: object",E. coli,R1,47.5,25.1389,281.7293,294.0414,278.6019,308.9782,13.5777,14.735,277.1988,260.628,258.9617,275.3804,254.9866,272.6252,282.5067,301.887,283.5709,308.5894,287.3334,292.2477,297.7673,310.2443,285.1356,276.48,28.8241,279.8744,278.141,317.4177,320.5999,163.0589,318.9637,282.4975,308.6722,54.0812,290.0474,281.5316,33.7887,278.0092,308.8032,277.9554,288.9654,288.8563,284.812,288.8308,279.2567,277.4463,285.6892,275.382,33.5841,271.3827,265.6756,271.9912,271.0279,285.3711,28.0755,285.8308,36.7079,274.2896,270.2858,204.2077,27.617,131.6397,259.2752,268.4684,297.2876,275.7906,267.2109,272.4866,267.7939,264.8694,250.5726,126.889,270.9468,106.6463,145.3675,257.9044,258.5296,270.9536,94.9638,254.581,225.8743,240.5026,219.3181,215.8564,82.0861,282.2219,217.889,169.5511,149.6875,197.2707,270.9913,270.8691,148.0394,273.232,277.7361,265.8109,119.4033
F:\projects\DP_Clinical_strains\DP Clinical Isolates results-20220505T053100Z-001\ DP Clinical Isolates results\ELI 271 R1_E. coli_E.coli_IF 0a - Na-Succinate-Fe Citrate_4_37_SBR_709_4#12#2022_A_ 1A_0.OKA,4/12/2022 1:53:05 PM, 1-A,PM04A,ELI 271,"256    IF0a+Sodium Succinate/Ferric Citrate
257    IF0a+Sodium Succinate/Ferric Citrate
258    IF0a+Sodium Succinate/Ferric Citrate
259    IF0a+Sodium Succinate/Ferric Citrate
Name: Condition (Medium), dtype: object",E. coli,R1,47.75,24.6159,282.4004,292.9496,277.3922,305.332,12.8607,11.0,277.0054,262.7135,257.6518,271.5705,258.1904,271.6052,280.5114,303.5565,284.3033,308.8635,286.5937,292.9908,298.4926,307.3952,285.3127,274.75,27.8706,278.9307,277.1674,317.4184,319.7905,165.9225,319.6697,284.582,309.494,52.4465,291.9638,280.9484,37.5932,280.1302,307.5846,272.9687,286.4499,288.838,284.488,291.2334,280.3116,277.6488,288.0631,276.2063,37.637,273.733,266.7071,274.0267,268.4427,286.083,29.3368,278.4196,34.1996,274.9967,272.1373,200.6603,31.8842,130.3855,261.815,269.2398,297.1187,272.702,269.1934,277.8516,265.7458,266.0503,251.3806,129.7533,270.1827,106.7587,150.4653,254.4783,258.4643,273.694,96.0451,253.3198,229.5596,239.5647,219.3831,216.754,85.3887,282.9313,218.2416,169.1211,144.0068,196.2678,267.068,268.6044,150.4425,270.4501,278.2254,265.6619,122.0915
F:\projects\DP_Clinical_strains\DP Clinical Isolates results-20220505T053100Z-001\ DP Clinical Isolates results\ELI 271 R1_E. coli_E.coli_IF 0a - Na-Succinate-Fe Citrate_4_37_SBR_709_4#12#2022_A_ 1A_0.OKA,4/12/2022 1:53:05 PM, 1-A,PM04A,ELI 271,"256    IF0a+Sodium Succinate/Ferric Citrate
257    IF0a+Sodium Succinate/Ferric Citrate
258    IF0a+Sodium Succinate/Ferric Citrate
259    IF0a+Sodium Succinate/Ferric Citrate
Name: Condition (Medium), dtype: object",E. coli,R1,48.0,20.0541,278.9203,293.2747,277.4184,307.0112,11.0,11.0,277.1489,261.7361,259.3613,274.6476,256.5644,272.7912,283.4874,301.1613,287.2299,306.662,287.7024,291.4058,296.6368,307.8014,284.0765,275.7043,29.1593,279.7551,278.8676,319.9697,323.6826,162.6382,317.3343,285.4778,304.2684,51.7089,288.7046,280.976,34.8598,278.848,305.1714,274.9451,285.762,284.4732,282.3046,290.4761,278.2913,278.4534,288.2173,276.1639,36.1352,270.0039,263.7878,277.0932,270.4841,281.2825,25.5286,280.7054,32.8634,276.8984,272.7844,205.0731,31.1472,131.7425,262.7789,270.475,295.3289,274.1901,266.7793,272.8133,265.0875,266.3415,253.6606,133.3704,271.986,111.1671,149.5401,254.6567,254.7797,274.8072,96.0258,255.9431,229.6818,240.0358,221.5043,215.382,83.0518,284.0257,220.2513,168.2863,148.7647,196.6246,268.7858,266.8783,150.6683,272.9212,277.436,264.6768,124.6501
